Fréquence (Hz)	Niveau (dB)
7,812500	-51,815411
15,625000	-51,419907
23,437500	-49,824444
31,250000	-52,224918
39,062500	-65,893959
46,875000	-71,171478
54,687500	-61,929260
62,500000	-56,303814
70,312500	-53,840672
78,125000	-56,404881
85,937500	-43,744301
93,750000	-43,814121
101,562500	-39,096992
109,375000	-35,687290
117,187500	-39,108013
125,000000	-38,176003
132,812500	-40,925755
140,625000	-37,698879
148,437500	-34,579231
156,250000	-34,284328
164,062500	-37,285706
171,875000	-37,108566
179,687500	-37,153519
187,500000	-27,827314
195,312500	-12,318501
203,125000	-10,078383
210,937500	-20,248604
218,750000	-41,792824
226,562500	-39,843311
234,375000	-36,736603
242,187500	-36,018127
250,000000	-38,689224
257,812500	-41,786243
265,625000	-40,482098
273,437500	-52,470413
281,250000	-44,197403
289,062500	-43,447670
296,875000	-37,654377
304,687500	-46,555523
312,500000	-62,159119
320,312500	-42,278324
328,125000	-38,212906
335,937500	-36,914242
343,750000	-37,450699
351,562500	-45,267029
359,375000	-42,299759
367,187500	-43,118225
375,000000	-36,145107
382,812500	-38,939793
390,625000	-50,670284
398,437500	-45,813049
406,250000	-47,938995
414,062500	-45,432671
421,875000	-47,597263
429,687500	-45,545094
437,500000	-44,660789
445,312500	-56,981579
453,125000	-56,611713
460,937500	-43,749451
468,750000	-40,804256
476,562500	-44,712978
484,375000	-43,138390
492,187500	-42,941498
500,000000	-44,359982
507,812500	-48,705868
515,625000	-42,449608
523,437500	-38,757866
531,250000	-50,645542
539,062500	-47,995049
546,875000	-46,784916
554,687500	-43,305122
562,500000	-43,385387
570,312500	-40,592484
578,125000	-44,440090
585,937500	-47,306541
593,750000	-26,732090
601,562500	-19,875952
609,375000	-24,797466
617,187500	-48,270817
625,000000	-52,694504
632,812500	-47,667164
640,625000	-47,607521
648,437500	-44,454559
656,250000	-45,111633
664,062500	-41,544003
671,875000	-40,187561
679,687500	-50,846874
687,500000	-47,713512
695,312500	-42,425030
703,125000	-41,650181
710,937500	-49,297256
718,750000	-54,501564
726,562500	-49,059723
734,375000	-46,771229
742,187500	-44,426369
750,000000	-45,874622
757,812500	-45,657448
765,625000	-44,518906
773,437500	-38,369122
781,250000	-37,647038
789,062500	-65,542305
796,875000	-39,482845
804,687500	-43,143738
812,500000	-44,584438
820,312500	-53,330231
828,125000	-45,060116
835,937500	-47,115417
843,750000	-39,731041
851,562500	-39,869755
859,375000	-53,033699
867,187500	-41,992233
875,000000	-39,920700
882,812500	-42,832573
890,625000	-43,198551
898,437500	-41,720837
906,250000	-44,742363
914,062500	-43,444687
921,875000	-52,517921
929,687500	-36,524509
937,500000	-35,459564
945,312500	-40,340755
953,125000	-39,686378
960,937500	-43,116272
968,750000	-50,286488
976,562500	-46,439690
984,375000	-38,628136
992,187500	-38,286030
1000,000000	-21,665138
1007,812500	-21,602612
1015,625000	-34,938782
1023,437500	-51,090591
1031,250000	-43,534260
1039,062500	-46,468399
1046,875000	-47,788109
1054,687500	-41,908840
1062,500000	-42,911427
1070,312500	-48,171993
1078,125000	-45,089283
1085,937500	-47,148727
1093,750000	-41,299652
1101,562500	-40,117672
1109,375000	-40,438789
1117,187500	-37,891605
1125,000000	-38,148094
1132,812500	-45,494747
1140,625000	-42,949669
1148,437500	-43,620201
1156,250000	-44,555317
1164,062500	-43,285881
1171,875000	-49,235519
1179,687500	-47,008934
1187,500000	-36,476940
1195,312500	-31,951460
1203,125000	-33,383152
1210,937500	-45,994099
1218,750000	-42,468105
1226,562500	-48,431973
1234,375000	-43,009766
1242,187500	-38,461205
1250,000000	-38,772381
1257,812500	-44,267548
1265,625000	-41,062149
1273,437500	-43,648945
1281,250000	-48,334885
1289,062500	-43,927025
1296,875000	-49,240414
1304,687500	-49,400200
1312,500000	-43,572929
1320,312500	-40,459602
1328,125000	-48,536137
1335,937500	-44,548340
1343,750000	-43,442516
1351,562500	-39,220901
1359,375000	-43,248837
1367,187500	-45,979340
1375,000000	-49,283344
1382,812500	-52,102623
1390,625000	-52,286369
1398,437500	-27,202948
1406,250000	-23,750727
1414,062500	-31,805769
1421,875000	-61,606834
1429,687500	-43,857643
1437,500000	-44,237450
1445,312500	-66,486649
1453,125000	-50,350014
1460,937500	-51,433609
1468,750000	-46,878002
1476,562500	-53,645195
1484,375000	-46,125343
1492,187500	-46,215382
1500,000000	-41,387367
1507,812500	-42,796871
1515,625000	-65,729271
1523,437500	-60,980961
1531,250000	-44,602974
1539,062500	-45,503841
1546,875000	-51,450275
1554,687500	-44,850105
1562,500000	-45,694069
1570,312500	-51,038269
1578,125000	-66,075996
1585,937500	-49,024746
1593,750000	-40,746433
1601,562500	-33,954998
1609,375000	-34,606632
1617,187500	-49,677372
1625,000000	-46,164268
1632,812500	-43,877045
1640,625000	-39,016037
1648,437500	-40,462849
1656,250000	-43,923859
1664,062500	-51,027962
1671,875000	-51,123295
1679,687500	-47,477688
1687,500000	-45,576820
1695,312500	-44,013920
1703,125000	-41,209251
1710,937500	-39,486904
1718,750000	-39,042904
1726,562500	-45,142082
1734,375000	-44,134151
1742,187500	-49,928555
1750,000000	-46,483402
1757,812500	-43,334198
1765,625000	-40,173462
1773,437500	-44,998123
1781,250000	-45,155731
1789,062500	-44,873077
1796,875000	-28,480925
1804,687500	-20,216549
1812,500000	-23,462872
1820,312500	-45,714275
1828,125000	-43,021969
1835,937500	-44,828438
1843,750000	-47,852520
1851,562500	-45,994293
1859,375000	-37,477753
1867,187500	-36,994900
1875,000000	-43,317833
1882,812500	-50,373909
1890,625000	-48,352325
1898,437500	-44,997845
1906,250000	-50,450047
1914,062500	-43,005703
1921,875000	-39,154297
1929,687500	-47,421795
1937,500000	-54,029503
1945,312500	-51,913239
1953,125000	-52,477470
1960,937500	-57,466698
1968,750000	-54,356441
1976,562500	-47,712982
1984,375000	-43,876579
1992,187500	-54,914810
2000,000000	-44,315449
2007,812500	-37,549557
2015,625000	-45,265003
2023,437500	-43,846497
2031,250000	-42,524239
2039,062500	-41,412590
2046,875000	-57,198826
2054,687500	-43,659794
2062,500000	-48,674374
2070,312500	-40,254330
2078,125000	-42,539688
2085,937500	-44,936020
2093,750000	-49,203594
2101,562500	-46,403290
2109,375000	-47,776386
2117,187500	-39,852924
2125,000000	-39,253323
2132,812500	-42,607208
2140,625000	-45,370029
2148,437500	-41,682106
2156,250000	-42,795834
2164,062500	-50,340279
2171,875000	-58,079483
2179,687500	-47,898411
2187,500000	-47,594669
2195,312500	-37,310013
2203,125000	-23,057468
2210,937500	-21,820360
2218,750000	-32,211086
2226,562500	-44,567356
2234,375000	-43,392429
2242,187500	-44,089077
2250,000000	-54,902843
2257,812500	-59,934074
2265,625000	-49,087093
2273,437500	-43,152836
2281,250000	-51,609211
2289,062500	-46,756878
2296,875000	-50,613609
2304,687500	-44,207539
2312,500000	-40,139168
2320,312500	-44,477581
2328,125000	-47,742844
2335,937500	-41,860596
2343,750000	-44,484097
2351,562500	-66,643814
2359,375000	-54,072819
2367,187500	-47,931480
2375,000000	-50,331242
2382,812500	-44,530907
2390,625000	-40,472755
2398,437500	-38,902973
2406,250000	-36,603390
2414,062500	-39,848473
2421,875000	-54,803188
2429,687500	-53,122799
2437,500000	-45,395321
2445,312500	-50,262817
2453,125000	-50,463417
2460,937500	-60,732201
2468,750000	-50,540035
2476,562500	-50,429203
2484,375000	-44,705570
2492,187500	-43,382698
2500,000000	-46,958939
2507,812500	-44,649090
2515,625000	-45,736141
2523,437500	-55,607365
2531,250000	-39,948406
2539,062500	-41,846733
2546,875000	-51,024666
2554,687500	-45,096310
2562,500000	-47,208164
2570,312500	-48,795776
2578,125000	-46,578552
2585,937500	-50,760410
2593,750000	-53,695122
2601,562500	-30,156719
2609,375000	-24,887226
2617,187500	-31,857719
2625,000000	-46,419514
2632,812500	-43,066887
2640,625000	-40,170513
2648,437500	-38,414177
2656,250000	-42,085979
2664,062500	-53,003517
2671,875000	-49,982582
2679,687500	-47,662949
2687,500000	-43,656567
2695,312500	-49,920757
2703,125000	-45,888557
2710,937500	-51,002792
2718,750000	-47,610771
2726,562500	-61,068413
2734,375000	-47,987221
2742,187500	-44,592735
2750,000000	-44,645527
2757,812500	-53,980652
2765,625000	-49,544132
2773,437500	-50,605694
2781,250000	-50,490639
2789,062500	-49,199238
2796,875000	-50,863319
2804,687500	-32,414326
2812,500000	-30,986420
2820,312500	-41,115257
2828,125000	-50,368366
2835,937500	-45,057217
2843,750000	-43,948162
2851,562500	-55,793392
2859,375000	-50,877369
2867,187500	-45,784843
2875,000000	-40,699501
2882,812500	-43,538952
2890,625000	-54,880165
2898,437500	-46,174522
2906,250000	-43,803471
2914,062500	-49,052807
2921,875000	-45,406181
2929,687500	-43,585262
2937,500000	-41,553692
2945,312500	-40,174118
2953,125000	-44,208416
2960,937500	-47,602062
2968,750000	-56,108429
2976,562500	-55,857796
2984,375000	-47,307083
2992,187500	-50,822861
3000,000000	-33,193554
3007,812500	-22,529713
3015,625000	-24,597982
3023,437500	-39,053215
3031,250000	-47,761105
3039,062500	-49,132381
3046,875000	-58,136520
3054,687500	-48,311920
3062,500000	-47,967854
3070,312500	-53,115910
3078,125000	-45,999123
3085,937500	-45,083900
3093,750000	-43,521709
3101,562500	-42,672207
3109,375000	-45,596302
3117,187500	-51,276901
3125,000000	-54,193882
3132,812500	-49,255245
3140,625000	-45,265995
3148,437500	-44,339111
3156,250000	-48,466103
3164,062500	-47,134762
3171,875000	-46,690063
3179,687500	-45,532650
3187,500000	-43,610474
3195,312500	-54,298218
3203,125000	-37,148739
3210,937500	-31,689631
3218,750000	-39,435032
3226,562500	-45,489285
3234,375000	-48,157764
3242,187500	-58,147751
3250,000000	-48,632240
3257,812500	-44,153095
3265,625000	-45,666660
3273,437500	-67,981819
3281,250000	-50,613716
3289,062500	-47,603531
3296,875000	-50,009773
3304,687500	-49,387844
3312,500000	-47,898529
3320,312500	-48,460571
3328,125000	-47,423798
3335,937500	-46,998058
3343,750000	-45,706512
3351,562500	-45,942276
3359,375000	-51,130318
3367,187500	-46,743126
3375,000000	-50,948185
3382,812500	-48,487637
3390,625000	-41,834709
3398,437500	-49,828453
3406,250000	-26,429741
3414,062500	-23,603207
3421,875000	-32,692604
3429,687500	-46,402489
3437,500000	-48,872120
3445,312500	-47,150204
3453,125000	-46,390278
3460,937500	-54,083866
3468,750000	-59,165749
3476,562500	-52,573620
3484,375000	-49,429379
3492,187500	-46,777744
3500,000000	-51,417671
3507,812500	-73,756813
3515,625000	-54,287140
3523,437500	-50,515675
3531,250000	-53,529945
3539,062500	-53,182899
3546,875000	-46,684895
3554,687500	-55,888603
3562,500000	-54,584869
3570,312500	-53,343418
3578,125000	-44,161591
3585,937500	-41,749668
3593,750000	-45,312614
3601,562500	-42,496975
3609,375000	-34,225758
3617,187500	-34,429173
3625,000000	-45,478649
3632,812500	-43,321815
3640,625000	-41,861210
3648,437500	-47,136551
3656,250000	-54,879074
3664,062500	-55,782879
3671,875000	-47,853619
3679,687500	-55,341312
3687,500000	-54,660851
3695,312500	-49,371124
3703,125000	-44,555630
3710,937500	-44,646507
3718,750000	-48,332188
3726,562500	-59,153439
3734,375000	-50,695545
3742,187500	-49,245743
3750,000000	-50,040779
3757,812500	-56,589775
3765,625000	-53,097347
3773,437500	-55,571609
3781,250000	-60,809444
3789,062500	-56,527786
3796,875000	-47,533554
3804,687500	-41,624146
3812,500000	-31,847027
3820,312500	-36,167252
3828,125000	-54,752289
3835,937500	-63,737068
3843,750000	-53,655396
3851,562500	-52,388306
3859,375000	-51,803825
3867,187500	-52,441837
3875,000000	-66,768631
3882,812500	-54,991070
3890,625000	-52,454426
3898,437500	-52,423130
3906,250000	-51,517475
3914,062500	-53,542286
3921,875000	-58,425697
3929,687500	-61,150127
3937,500000	-56,349228
3945,312500	-54,088783
3953,125000	-63,522621
3960,937500	-75,614571
3968,750000	-79,017242
3976,562500	-76,870155
3984,375000	-61,526199
3992,187500	-63,987850
