Fréquence (Hz)	Niveau (dB)
0,244141	-80,250626
0,488281	-80,298080
0,732422	-77,457817
0,976563	-66,323090
1,220703	-59,742222
1,464844	-57,603748
1,708984	-62,115463
1,953125	-64,512817
2,197266	-62,417492
2,441406	-55,650154
2,685547	-51,167850
2,929688	-53,196632
3,173828	-53,856491
3,417969	-57,140148
3,662109	-51,943382
3,906250	-54,414574
4,150391	-61,919518
4,394531	-61,690208
4,638672	-55,535030
4,882813	-57,953945
5,126953	-53,366615
5,371094	-50,650993
5,615234	-51,996513
5,859375	-51,286991
6,103516	-52,606712
6,347656	-56,217224
6,591797	-59,697556
6,835938	-59,767712
7,080078	-54,068897
7,324219	-52,803276
7,568359	-53,124413
7,812500	-51,399933
8,056641	-57,477676
8,300781	-56,759933
8,544922	-51,050705
8,789063	-53,368996
9,033203	-58,420044
9,277344	-55,002785
9,521484	-55,484760
9,765625	-51,276043
10,009766	-49,903408
10,253906	-54,010956
10,498047	-60,025745
10,742188	-53,597355
10,986328	-56,624462
11,230469	-56,412876
11,474609	-50,674438
11,718750	-51,235271
11,962891	-50,566589
12,207031	-46,938393
12,451172	-47,471401
12,695313	-51,536552
12,939453	-57,312748
13,183594	-56,630142
13,427734	-52,910255
13,671875	-54,938725
13,916016	-55,350586
14,160156	-52,591534
14,404297	-53,300343
14,648438	-54,172829
14,892578	-55,587154
15,136719	-53,657646
15,380859	-48,906136
15,625000	-48,961998
15,869141	-54,585911
16,113281	-50,885036
16,357422	-49,202488
16,601563	-50,447910
16,845703	-51,357082
17,089844	-51,845604
17,333984	-53,624615
17,578125	-53,225361
17,822266	-49,889641
18,066406	-50,553711
18,310547	-52,871204
18,554688	-55,427231
18,798828	-53,105282
19,042969	-48,338345
19,287109	-52,167740
19,531250	-61,185612
19,775391	-61,506771
20,019531	-55,733929
20,263672	-51,093235
20,507813	-51,493519
20,751953	-60,063297
20,996094	-53,188587
21,240234	-53,192455
21,484375	-58,348660
21,728516	-54,046471
21,972656	-55,120277
22,216797	-51,351006
22,460938	-50,541981
22,705078	-57,336964
22,949219	-60,006207
23,193359	-59,511883
23,437500	-60,360600
23,681641	-57,963600
23,925781	-53,858578
24,169922	-53,592804
24,414063	-55,334137
24,658203	-52,191513
24,902344	-55,817673
25,146484	-62,231686
25,390625	-54,267326
25,634766	-51,328033
25,878906	-53,405697
26,123047	-58,424122
26,367188	-63,454647
26,611328	-54,645206
26,855469	-51,985332
27,099609	-57,918774
27,343750	-51,186714
27,587891	-55,810669
27,832031	-56,222485
28,076172	-51,853474
28,320313	-52,999928
28,564453	-54,375793
28,808594	-55,156303
29,052734	-58,078365
29,296875	-55,809807
29,541016	-51,472668
29,785156	-51,160954
30,029297	-50,877449
30,273438	-55,371635
30,517578	-55,788940
30,761719	-55,326687
31,005859	-60,812042
31,250000	-58,157013
31,494141	-61,276165
31,738281	-57,712849
31,982422	-62,557232
32,226563	-60,577389
32,470703	-58,187996
32,714844	-51,065826
32,958984	-50,126110
33,203125	-52,264156
33,447266	-54,869267
33,691406	-54,867184
33,935547	-58,700916
34,179688	-57,060349
34,423828	-55,423267
34,667969	-54,587673
34,912109	-57,053921
35,156250	-54,690380
35,400391	-53,052773
35,644531	-53,556309
35,888672	-59,837273
36,132813	-56,718884
36,376953	-53,521191
36,621094	-56,343128
36,865234	-60,487713
37,109375	-68,294716
37,353516	-67,435196
37,597656	-65,134583
37,841797	-59,653088
38,085938	-58,687992
38,330078	-61,294369
38,574219	-64,767227
38,818359	-57,025425
39,062500	-59,801521
39,306641	-64,088181
39,550781	-60,093975
39,794922	-65,452286
40,039063	-63,554527
40,283203	-60,408165
40,527344	-60,043365
40,771484	-61,083996
41,015625	-63,574074
41,259766	-58,864651
41,503906	-55,947147
41,748047	-56,512024
41,992188	-59,179245
42,236328	-61,851341
42,480469	-59,955856
42,724609	-63,694103
42,968750	-65,953468
43,212891	-61,553112
43,457031	-58,253456
43,701172	-59,404091
43,945313	-61,888702
44,189453	-62,023479
44,433594	-66,610733
44,677734	-60,990444
44,921875	-58,184639
45,166016	-59,376957
45,410156	-61,360538
45,654297	-65,034004
45,898438	-62,340740
46,142578	-64,792877
46,386719	-66,370216
46,630859	-67,384811
46,875000	-63,654808
47,119141	-64,085083
47,363281	-67,961746
47,607422	-72,753792
47,851563	-66,649857
48,095703	-64,425606
48,339844	-66,699806
48,583984	-69,482353
48,828125	-70,270676
49,072266	-70,512886
49,316406	-75,258987
49,560547	-81,368660
49,804688	-76,797691
50,048828	-70,824699
50,292969	-70,652168
50,537109	-81,111549
50,781250	-74,414810
51,025391	-73,021263
51,269531	-86,195419
51,513672	-84,329041
51,757813	-84,957176
52,001953	-80,974464
52,246094	-82,305878
52,490234	-83,400650
52,734375	-79,308525
52,978516	-73,869583
53,222656	-72,384018
53,466797	-74,728462
53,710938	-75,297050
53,955078	-72,927979
54,199219	-81,752716
54,443359	-71,208855
54,687500	-73,543503
54,931641	-69,926727
55,175781	-68,914436
55,419922	-71,411995
55,664063	-69,740479
55,908203	-69,161888
56,152344	-63,719391
56,396484	-68,288048
56,640625	-58,599075
56,884766	-60,553146
57,128906	-68,625320
57,373047	-66,427330
57,617188	-62,930096
57,861328	-59,797890
58,105469	-62,764294
58,349609	-58,815350
58,593750	-59,893208
58,837891	-65,870071
59,082031	-60,662701
59,326172	-57,606842
59,570313	-58,027863
59,814453	-67,920349
60,058594	-64,012688
60,302734	-69,284180
60,546875	-57,368935
60,791016	-59,153492
61,035156	-55,289642
61,279297	-55,185783
61,523438	-59,810219
61,767578	-58,666389
62,011719	-59,456398
62,255859	-60,555874
62,500000	-58,124493
62,744141	-55,069550
62,988281	-53,332085
63,232422	-57,248409
63,476563	-59,018738
63,720703	-59,309101
63,964844	-54,234863
64,208984	-55,283028
64,453125	-56,633663
64,697266	-69,292801
64,941406	-66,952423
65,185547	-60,467228
65,429688	-56,220169
65,673828	-57,363121
65,917969	-53,768936
66,162109	-52,079117
66,406250	-52,088856
66,650391	-51,304607
66,894531	-55,037735
67,138672	-54,187588
67,382813	-48,775517
67,626953	-52,077000
67,871094	-55,684906
68,115234	-59,642422
68,359375	-51,864014
68,603516	-53,600182
68,847656	-54,699726
69,091797	-55,732944
69,335938	-48,497688
69,580078	-52,659313
69,824219	-49,531796
70,068359	-49,899139
70,312500	-52,814186
70,556641	-53,433311
70,800781	-50,879673
71,044922	-47,998634
71,289063	-47,126595
71,533203	-48,768852
71,777344	-47,535248
72,021484	-48,766777
72,265625	-53,020988
72,509766	-53,205776
72,753906	-48,058804
72,998047	-46,297703
73,242188	-46,029114
73,486328	-50,969063
73,730469	-57,768810
73,974609	-51,111076
74,218750	-48,556225
74,462891	-49,500454
74,707031	-54,781670
74,951172	-54,189941
75,195313	-48,546150
75,439453	-52,390572
75,683594	-50,309158
75,927734	-46,973789
76,171875	-49,660564
76,416016	-49,588413
76,660156	-48,793991
76,904297	-49,512890
77,148438	-47,765839
77,392578	-48,509132
77,636719	-55,796524
77,880859	-50,251045
78,125000	-50,255413
78,369141	-48,630901
78,613281	-46,095600
78,857422	-44,842430
79,101563	-44,480621
79,345703	-47,256588
79,589844	-60,583038
79,833984	-55,703636
80,078125	-54,868839
80,322266	-55,144920
80,566406	-50,212402
80,810547	-49,587856
81,054688	-49,974667
81,298828	-51,808544
81,542969	-45,448143
81,787109	-45,620785
82,031250	-43,967819
82,275391	-42,808960
82,519531	-40,638557
82,763672	-43,147533
83,007813	-51,777702
83,251953	-45,245384
83,496094	-42,224426
83,740234	-45,282326
83,984375	-50,607761
84,228516	-46,583309
84,472656	-47,687847
84,716797	-45,537903
84,960938	-40,717522
85,205078	-41,246155
85,449219	-46,015835
85,693359	-44,967728
85,937500	-47,507256
86,181641	-47,880798
86,425781	-44,059738
86,669922	-47,098186
86,914063	-45,260059
87,158203	-51,269871
87,402344	-43,600231
87,646484	-46,220798
87,890625	-46,210758
88,134766	-44,554939
88,378906	-46,017365
88,623047	-61,092209
88,867188	-49,721821
89,111328	-45,169979
89,355469	-44,289143
89,599609	-46,145840
89,843750	-48,181786
90,087891	-43,521664
90,332031	-39,821548
90,576172	-38,531883
90,820313	-39,294167
91,064453	-44,342419
91,308594	-43,836472
91,552734	-46,692905
91,796875	-48,889549
92,041016	-44,170521
92,285156	-43,727386
92,529297	-44,292877
92,773438	-48,112476
93,017578	-39,614147
93,261719	-40,430363
93,505859	-42,822735
93,750000	-38,897869
93,994141	-40,789803
94,238281	-37,287724
94,482422	-43,789787
94,726563	-43,960056
94,970703	-47,172745
95,214844	-45,273186
95,458984	-39,908897
95,703125	-38,991165
95,947266	-43,681400
96,191406	-51,893490
96,435547	-52,362732
96,679688	-43,983055
96,923828	-42,560078
97,167969	-43,102249
97,412109	-45,683754
97,656250	-50,999817
97,900391	-45,560947
98,144531	-44,227127
98,388672	-42,392647
98,632813	-42,422649
98,876953	-46,650795
99,121094	-44,141659
99,365234	-45,961838
99,609375	-44,714840
99,853516	-42,051403
100,097656	-42,249546
100,341797	-40,389088
100,585938	-37,451023
100,830078	-39,775639
101,074219	-51,597378
101,318359	-46,179260
101,562500	-44,838421
101,806641	-44,435467
102,050781	-40,205608
102,294922	-40,738346
102,539063	-41,451382
102,783203	-44,137455
103,027344	-44,146439
103,271484	-38,362114
103,515625	-35,907661
103,759766	-36,985569
104,003906	-39,927555
104,248047	-38,785568
104,492188	-33,508659
104,736328	-37,468887
104,980469	-40,160660
105,224609	-41,824951
105,468750	-39,891773
105,712891	-39,304676
105,957031	-38,910172
106,201172	-39,945107
106,445313	-42,737614
106,689453	-44,874104
106,933594	-44,506268
107,177734	-36,572178
107,421875	-36,753777
107,666016	-46,614700
107,910156	-44,060307
108,154297	-41,906773
108,398438	-43,318066
108,642578	-44,441875
108,886719	-45,247669
109,130859	-43,357708
109,375000	-38,748806
109,619141	-38,302494
109,863281	-42,266586
110,107422	-41,087521
110,351563	-45,327309
110,595703	-41,010090
110,839844	-42,327499
111,083984	-40,439735
111,328125	-40,719070
111,572266	-43,917007
111,816406	-43,393543
112,060547	-42,047794
112,304688	-44,609474
112,548828	-39,880318
112,792969	-41,711201
113,037109	-39,519852
113,281250	-45,971405
113,525391	-36,926590
113,769531	-38,091228
114,013672	-37,051620
114,257813	-35,880089
114,501953	-40,387188
114,746094	-38,124439
114,990234	-40,373226
115,234375	-41,216583
115,478516	-47,104233
115,722656	-42,227432
115,966797	-39,328129
116,210938	-38,340557
116,455078	-35,926716
116,699219	-41,514603
116,943359	-41,612545
117,187500	-44,920826
117,431641	-43,868999
117,675781	-39,613319
117,919922	-41,904629
118,164063	-44,320896
118,408203	-44,066063
118,652344	-43,602406
118,896484	-60,482059
119,140625	-44,881721
119,384766	-47,327461
119,628906	-45,373932
119,873047	-40,720505
120,117188	-37,725590
120,361328	-39,358910
120,605469	-40,512192
120,849609	-35,702785
121,093750	-34,160622
121,337891	-34,827892
121,582031	-34,134174
121,826172	-36,804970
122,070313	-44,142471
122,314453	-43,598106
122,558594	-35,482922
122,802734	-36,000698
123,046875	-39,863949
123,291016	-43,037640
123,535156	-42,390121
123,779297	-44,584301
124,023438	-39,534721
124,267578	-37,428017
124,511719	-39,928810
124,755859	-41,184532
125,000000	-43,213348
125,244141	-46,612499
125,488281	-39,223167
125,732422	-37,942493
125,976563	-35,398712
126,220703	-36,314350
126,464844	-38,583210
126,708984	-39,201275
126,953125	-37,667076
127,197266	-42,760864
127,441406	-37,335285
127,685547	-39,827583
127,929688	-37,735954
128,173828	-41,032417
128,417969	-45,679703
128,662109	-46,831722
128,906250	-46,852959
129,150391	-43,712593
129,394531	-48,867588
129,638672	-40,084717
129,882813	-37,156605
130,126953	-37,866257
130,371094	-37,675690
130,615234	-35,304058
130,859375	-37,635765
131,103516	-39,492954
131,347656	-39,243149
131,591797	-38,714848
131,835938	-37,329685
132,080078	-36,168964
132,324219	-40,907185
132,568359	-42,622829
132,812500	-39,451672
133,056641	-45,319477
133,300781	-37,532143
133,544922	-40,826069
133,789063	-35,780128
134,033203	-42,785046
134,277344	-47,708214
134,521484	-43,822090
134,765625	-41,280312
135,009766	-39,165874
135,253906	-43,621838
135,498047	-38,006969
135,742188	-36,858471
135,986328	-39,615055
136,230469	-44,903912
136,474609	-41,188267
136,718750	-37,043221
136,962891	-40,388405
137,207031	-37,841408
137,451172	-36,953220
137,695313	-39,906590
137,939453	-40,677448
138,183594	-40,390854
138,427734	-39,293346
138,671875	-39,008583
138,916016	-45,041069
139,160156	-44,503979
139,404297	-46,910694
139,648438	-42,839367
139,892578	-34,119957
140,136719	-33,535702
140,380859	-39,038788
140,625000	-38,765247
140,869141	-37,181602
141,113281	-42,976711
141,357422	-42,013199
141,601563	-38,691154
141,845703	-41,841251
142,089844	-36,567574
142,333984	-37,696091
142,578125	-42,125782
142,822266	-47,369175
143,066406	-47,998116
143,310547	-40,915939
143,554688	-40,092491
143,798828	-41,642181
144,042969	-42,476372
144,287109	-41,159111
144,531250	-39,751514
144,775391	-36,999214
145,019531	-43,734856
145,263672	-42,046303
145,507813	-45,857853
145,751953	-49,164314
145,996094	-41,055981
146,240234	-38,542290
146,484375	-42,513245
146,728516	-38,096218
146,972656	-38,980309
147,216797	-42,054356
147,460938	-41,101181
147,705078	-41,577564
147,949219	-40,260609
148,193359	-37,546364
148,437500	-38,783997
148,681641	-39,467628
148,925781	-39,023926
149,169922	-36,077194
149,414063	-36,776524
149,658203	-38,621780
149,902344	-41,489204
150,146484	-53,308060
150,390625	-39,977463
150,634766	-38,716476
150,878906	-42,235256
151,123047	-42,660683
151,367188	-39,086983
151,611328	-42,265057
151,855469	-39,208176
152,099609	-40,147194
152,343750	-43,566242
152,587891	-40,140324
152,832031	-39,269123
153,076172	-39,832363
153,320313	-41,665348
153,564453	-39,242733
153,808594	-38,781601
154,052734	-39,004250
154,296875	-36,598980
154,541016	-34,814327
154,785156	-39,071278
155,029297	-46,188995
155,273438	-44,956738
155,517578	-43,861713
155,761719	-42,493599
156,005859	-38,127384
156,250000	-40,123150
156,494141	-41,982037
156,738281	-38,849457
156,982422	-36,910557
157,226563	-39,897129
157,470703	-44,432053
157,714844	-43,990356
157,958984	-44,194691
158,203125	-41,391212
158,447266	-41,927544
158,691406	-45,775120
158,935547	-40,501411
159,179688	-43,266251
159,423828	-44,959167
159,667969	-41,583946
159,912109	-41,385387
160,156250	-46,486362
160,400391	-46,423515
160,644531	-40,728516
160,888672	-40,234791
161,132813	-39,616913
161,376953	-38,517879
161,621094	-36,483009
161,865234	-37,855495
162,109375	-43,815563
162,353516	-42,970600
162,597656	-41,565060
162,841797	-43,555363
163,085938	-41,561840
163,330078	-36,743134
163,574219	-38,408726
163,818359	-41,067013
164,062500	-43,367580
164,306641	-37,763767
164,550781	-35,931854
164,794922	-38,145863
165,039063	-38,042191
165,283203	-34,596264
165,527344	-38,088844
165,771484	-45,760147
166,015625	-39,528309
166,259766	-40,805077
166,503906	-41,760250
166,748047	-45,207188
166,992188	-44,385925
167,236328	-53,740822
167,480469	-45,628159
167,724609	-41,153259
167,968750	-41,469112
168,212891	-41,820122
168,457031	-38,689777
168,701172	-41,691399
168,945313	-44,016617
169,189453	-42,625755
169,433594	-42,876205
169,677734	-43,629040
169,921875	-41,458031
170,166016	-44,284805
170,410156	-42,689121
170,654297	-38,905605
170,898438	-38,832832
171,142578	-40,917969
171,386719	-44,631310
171,630859	-43,160828
171,875000	-39,232388
172,119141	-37,905064
172,363281	-38,606121
172,607422	-38,246910
172,851563	-39,497284
173,095703	-41,151745
173,339844	-39,285954
173,583984	-38,174854
173,828125	-37,526165
174,072266	-38,921673
174,316406	-45,349625
174,560547	-46,604805
174,804688	-42,995823
175,048828	-41,039124
175,292969	-44,206451
175,537109	-37,749451
175,781250	-35,793701
176,025391	-39,883087
176,269531	-41,076241
176,513672	-42,353577
176,757813	-43,910336
177,001953	-39,150887
177,246094	-42,728855
177,490234	-45,461632
177,734375	-42,689392
177,978516	-50,268341
178,222656	-41,077114
178,466797	-41,158554
178,710938	-43,905502
178,955078	-44,107899
179,199219	-39,224697
179,443359	-41,069290
179,687500	-37,301472
179,931641	-39,660809
180,175781	-37,643776
180,419922	-34,882072
180,664063	-37,919514
180,908203	-42,044777
181,152344	-40,799881
181,396484	-43,542122
181,640625	-46,540653
181,884766	-48,637424
182,128906	-44,485275
182,373047	-37,836723
182,617188	-37,695709
182,861328	-42,445065
183,105469	-44,011219
183,349609	-44,881474
183,593750	-45,166744
183,837891	-41,758183
184,082031	-40,250084
184,326172	-40,533321
184,570313	-40,719158
184,814453	-42,646370
185,058594	-40,000790
185,302734	-38,757755
185,546875	-39,307697
185,791016	-39,367111
186,035156	-42,586597
186,279297	-41,023830
186,523438	-39,761387
186,767578	-39,428062
187,011719	-38,216316
187,255859	-41,067719
187,500000	-46,205982
187,744141	-41,426300
187,988281	-44,122318
188,232422	-42,787891
188,476563	-42,083279
188,720703	-40,531231
188,964844	-39,523956
189,208984	-40,258484
189,453125	-39,505260
189,697266	-36,396809
189,941406	-40,547813
190,185547	-49,525452
190,429688	-46,823029
190,673828	-40,490887
190,917969	-40,008862
191,162109	-39,447388
191,406250	-36,084377
191,650391	-36,805492
191,894531	-38,405411
192,138672	-41,290787
192,382813	-45,071831
192,626953	-42,524460
192,871094	-37,031021
193,115234	-33,598873
193,359375	-33,102184
193,603516	-39,520134
193,847656	-55,468414
194,091797	-49,701077
194,335938	-40,298527
194,580078	-37,977066
194,824219	-42,715801
195,068359	-39,946815
195,312500	-37,995842
195,556641	-41,516026
195,800781	-41,189327
196,044922	-39,711979
196,289063	-36,350063
196,533203	-39,153454
196,777344	-36,413948
197,021484	-38,499352
197,265625	-42,408100
197,509766	-38,811470
197,753906	-37,482716
197,998047	-37,253040
198,242188	-35,900410
198,486328	-37,178791
198,730469	-41,273972
198,974609	-42,503967
199,218750	-38,779964
199,462891	-35,028015
199,707031	-42,680321
199,951172	-38,457325
200,195313	-38,266468
200,439453	-17,402733
200,683594	-3,648408
200,927734	-3,445852
201,171875	-16,746780
201,416016	-35,238503
201,660156	-38,471195
201,904297	-39,664032
202,148438	-41,824810
202,392578	-39,756573
202,636719	-36,639431
202,880859	-36,776623
203,125000	-41,803566
203,369141	-45,153797
203,613281	-41,192829
203,857422	-39,991241
204,101563	-41,912746
204,345703	-47,652248
204,589844	-49,162422
204,833984	-44,923363
205,078125	-46,896034
205,322266	-39,099751
205,566406	-41,577621
205,810547	-45,697582
206,054688	-42,487511
206,298828	-38,254948
206,542969	-40,201218
206,787109	-53,961311
207,031250	-47,487862
207,275391	-44,666039
207,519531	-40,427574
207,763672	-41,932217
208,007813	-47,502338
208,251953	-41,922939
208,496094	-38,018570
208,740234	-39,533401
208,984375	-43,878201
209,228516	-44,080318
209,472656	-36,016941
209,716797	-36,416367
209,960938	-38,009846
210,205078	-44,125454
210,449219	-39,223934
210,693359	-37,972904
210,937500	-41,187210
211,181641	-42,944725
211,425781	-41,987793
211,669922	-43,574734
211,914063	-42,099876
212,158203	-39,015163
212,402344	-42,119106
212,646484	-41,182652
212,890625	-37,567711
213,134766	-37,628601
213,378906	-39,712151
213,623047	-41,254326
213,867188	-39,315716
214,111328	-39,816235
214,355469	-43,435764
214,599609	-41,842125
214,843750	-40,713718
215,087891	-37,602081
215,332031	-35,603600
215,576172	-43,913151
215,820313	-44,618961
216,064453	-42,456638
216,308594	-40,927025
216,552734	-38,307522
216,796875	-41,875725
217,041016	-41,853237
217,285156	-39,936085
217,529297	-42,500813
217,773438	-49,384571
218,017578	-38,098824
218,261719	-37,391384
218,505859	-44,102753
218,750000	-39,111713
218,994141	-45,397938
219,238281	-43,343903
219,482422	-46,269718
219,726563	-37,237022
219,970703	-35,449585
220,214844	-39,028854
220,458984	-37,373928
220,703125	-37,205109
220,947266	-41,986523
221,191406	-44,942772
221,435547	-42,462921
221,679688	-46,624687
221,923828	-44,291054
222,167969	-41,264618
222,412109	-37,370735
222,656250	-39,931965
222,900391	-38,263420
223,144531	-37,469833
223,388672	-46,571785
223,632813	-42,921307
223,876953	-38,153866
224,121094	-40,268192
224,365234	-43,449783
224,609375	-49,184357
224,853516	-43,347012
225,097656	-40,305069
225,341797	-39,667763
225,585938	-42,234310
225,830078	-41,793255
226,074219	-38,482430
226,318359	-41,137817
226,562500	-41,343220
226,806641	-42,529373
227,050781	-36,512135
227,294922	-37,592781
227,539063	-39,118950
227,783203	-40,755329
228,027344	-46,379772
228,271484	-41,656353
228,515625	-45,255840
228,759766	-45,751305
229,003906	-41,052040
229,248047	-38,493771
229,492188	-41,665707
229,736328	-42,178234
229,980469	-40,628220
230,224609	-43,965549
230,468750	-57,628738
230,712891	-45,605698
230,957031	-42,575043
231,201172	-40,346378
231,445313	-39,778419
231,689453	-41,170727
231,933594	-39,906605
232,177734	-37,272209
232,421875	-43,360371
232,666016	-39,344166
232,910156	-41,076687
233,154297	-49,389977
233,398438	-50,697369
233,642578	-42,959534
233,886719	-40,843136
234,130859	-45,919022
234,375000	-44,883636
234,619141	-44,553997
234,863281	-38,648804
235,107422	-39,769535
235,351563	-42,720512
235,595703	-41,973522
235,839844	-41,766232
236,083984	-43,455318
236,328125	-42,063801
236,572266	-39,199341
236,816406	-38,349918
237,060547	-37,033951
237,304688	-38,166885
237,548828	-43,315689
237,792969	-39,569500
238,037109	-35,993301
238,281250	-38,794197
238,525391	-44,738541
238,769531	-43,296444
239,013672	-40,257191
239,257813	-43,152374
239,501953	-56,572411
239,746094	-41,493881
239,990234	-40,883362
240,234375	-38,227139
240,478516	-38,504028
240,722656	-42,415546
240,966797	-42,287411
241,210938	-40,981918
241,455078	-43,625858
241,699219	-42,026604
241,943359	-41,976841
242,187500	-40,347012
242,431641	-40,545769
242,675781	-39,553127
242,919922	-41,361729
243,164063	-42,526543
243,408203	-39,297779
243,652344	-45,914925
243,896484	-49,013470
244,140625	-44,988400
244,384766	-38,283710
244,628906	-33,641674
244,873047	-34,131641
245,117188	-39,155796
245,361328	-44,449196
245,605469	-39,351219
245,849609	-38,423508
246,093750	-37,967628
246,337891	-41,285198
246,582031	-39,880966
246,826172	-42,691425
247,070313	-44,388874
247,314453	-42,528961
247,558594	-43,339634
247,802734	-41,319244
248,046875	-40,843575
248,291016	-39,320446
248,535156	-41,836887
248,779297	-39,360783
249,023438	-40,825573
249,267578	-48,841244
249,511719	-44,179214
249,755859	-53,760376
250,000000	-39,567822
250,244141	-41,142925
250,488281	-41,155983
250,732422	-41,070824
250,976563	-39,424591
251,220703	-40,753349
251,464844	-40,934189
251,708984	-42,612991
251,953125	-39,954784
252,197266	-39,255501
252,441406	-43,941219
252,685547	-39,398899
252,929688	-39,880711
253,173828	-43,699936
253,417969	-43,891937
253,662109	-42,888710
253,906250	-39,094425
254,150391	-39,376888
254,394531	-40,413792
254,638672	-37,598389
254,882813	-37,940132
255,126953	-42,936325
255,371094	-45,173801
255,615234	-46,955276
255,859375	-45,698067
256,103516	-48,749035
256,347656	-46,379425
256,591797	-41,403423
256,835938	-40,538437
257,080078	-40,400558
257,324219	-42,674488
257,568359	-44,609074
257,812500	-46,963264
258,056641	-49,161259
258,300781	-59,217396
258,544922	-44,549614
258,789063	-38,982136
259,033203	-48,324688
259,277344	-41,239090
259,521484	-39,329533
259,765625	-39,127174
260,009766	-38,550774
260,253906	-39,707630
260,498047	-37,634068
260,742188	-38,753124
260,986328	-43,916431
261,230469	-48,310120
261,474609	-42,956650
261,718750	-39,707851
261,962891	-45,255302
262,207031	-46,366295
262,451172	-42,388424
262,695313	-37,900299
262,939453	-44,292408
263,183594	-43,431900
263,427734	-43,402950
263,671875	-44,060272
263,916016	-47,564949
264,160156	-48,305798
264,404297	-42,653770
264,648438	-41,007114
264,892578	-41,021889
265,136719	-41,818386
265,380859	-43,673454
265,625000	-45,155205
265,869141	-49,445477
266,113281	-42,037060
266,357422	-40,041595
266,601563	-47,761997
266,845703	-43,707806
267,089844	-48,102840
267,333984	-50,613461
267,578125	-47,419888
267,822266	-47,013340
268,066406	-44,053257
268,310547	-42,512268
268,554688	-47,501057
268,798828	-41,600014
269,042969	-38,944221
269,287109	-41,372662
269,531250	-41,022999
269,775391	-39,806648
270,019531	-40,784637
270,263672	-40,413563
270,507813	-41,820770
270,751953	-42,622761
270,996094	-40,632652
271,240234	-39,465042
271,484375	-38,966969
271,728516	-40,925652
271,972656	-42,664097
272,216797	-49,227097
272,460938	-43,640308
272,705078	-44,042946
272,949219	-51,121437
273,193359	-53,035957
273,437500	-42,457951
273,681641	-41,427052
273,925781	-43,763119
274,169922	-44,623150
274,414063	-48,149380
274,658203	-46,396149
274,902344	-42,750561
275,146484	-48,851273
275,390625	-43,685452
275,634766	-41,567352
275,878906	-44,392334
276,123047	-40,499504
276,367188	-42,400818
276,611328	-41,755764
276,855469	-38,137096
277,099609	-38,830601
277,343750	-36,982185
277,587891	-38,462597
277,832031	-43,600365
278,076172	-45,679188
278,320313	-48,365162
278,564453	-45,437580
278,808594	-50,696922
279,052734	-48,402576
279,296875	-47,593906
279,541016	-47,698303
279,785156	-42,785664
280,029297	-39,574207
280,273438	-38,905243
280,517578	-40,122475
280,761719	-39,512596
281,005859	-41,774155
281,250000	-40,758007
281,494141	-38,444183
281,738281	-42,468338
281,982422	-43,459274
282,226563	-41,843254
282,470703	-39,922348
282,714844	-41,166206
282,958984	-49,566998
283,203125	-42,303635
283,447266	-42,682144
283,691406	-42,027710
283,935547	-44,032345
284,179688	-42,506622
284,423828	-40,735931
284,667969	-39,504875
284,912109	-39,775459
285,156250	-38,397205
285,400391	-41,879372
285,644531	-48,837433
285,888672	-42,612881
286,132813	-39,267746
286,376953	-44,272251
286,621094	-44,368679
286,865234	-43,137543
287,109375	-43,567814
287,353516	-43,482510
287,597656	-41,877750
287,841797	-37,884003
288,085938	-40,681667
288,330078	-40,186794
288,574219	-40,684742
288,818359	-40,234100
289,062500	-41,571045
289,306641	-46,348137
289,550781	-41,905243
289,794922	-40,916843
290,039063	-41,790752
290,283203	-48,388233
290,527344	-47,535053
290,771484	-39,599274
291,015625	-45,376949
291,259766	-42,451244
291,503906	-46,624981
291,748047	-49,988708
291,992188	-41,676609
292,236328	-39,814922
292,480469	-43,849976
292,724609	-45,436775
292,968750	-40,308968
293,212891	-40,859859
293,457031	-47,096428
293,701172	-40,961403
293,945313	-43,768665
294,189453	-42,493866
294,433594	-41,010086
294,677734	-42,079765
294,921875	-39,128391
295,166016	-39,686848
295,410156	-39,857189
295,654297	-42,542068
295,898438	-44,007889
296,142578	-41,066658
296,386719	-43,110550
296,630859	-44,681171
296,875000	-39,276688
297,119141	-36,736877
297,363281	-41,471645
297,607422	-39,960171
297,851563	-40,526112
298,095703	-55,309429
298,339844	-45,485825
298,583984	-42,342133
298,828125	-46,335644
299,072266	-44,733780
299,316406	-42,524475
299,560547	-42,435532
299,804688	-45,978172
300,048828	-36,353432
300,292969	-38,816936
300,537109	-42,564190
300,781250	-45,742359
301,025391	-46,492085
301,269531	-41,156200
301,513672	-38,811089
301,757813	-40,968185
302,001953	-46,670425
302,246094	-42,693077
302,490234	-42,408585
302,734375	-41,266666
302,978516	-43,980503
303,222656	-48,702568
303,466797	-40,908794
303,710938	-42,945496
303,955078	-41,495800
304,199219	-40,645252
304,443359	-41,797863
304,687500	-44,032860
304,931641	-42,612724
305,175781	-43,847725
305,419922	-36,802490
305,664063	-37,999054
305,908203	-42,830372
306,152344	-45,386139
306,396484	-45,178532
306,640625	-51,715881
306,884766	-47,683556
307,128906	-54,623425
307,373047	-42,466351
307,617188	-39,381008
307,861328	-40,068985
308,105469	-42,149239
308,349609	-40,672215
308,593750	-44,344097
308,837891	-48,842312
309,082031	-43,912571
309,326172	-43,630913
309,570313	-44,030910
309,814453	-41,391621
310,058594	-40,573051
310,302734	-44,395657
310,546875	-44,951649
310,791016	-44,813522
311,035156	-43,317764
311,279297	-42,678844
311,523438	-42,969490
311,767578	-44,365250
312,011719	-49,475842
312,255859	-46,114296
312,500000	-44,338188
312,744141	-45,484726
312,988281	-43,009613
313,232422	-43,144424
313,476563	-43,614540
313,720703	-43,206482
313,964844	-41,948360
314,208984	-42,638443
314,453125	-39,643810
314,697266	-42,686329
314,941406	-38,326981
315,185547	-40,365219
315,429688	-46,260406
315,673828	-42,189198
315,917969	-38,847588
316,162109	-43,891232
316,406250	-47,274113
316,650391	-46,609280
316,894531	-43,849277
317,138672	-46,300537
317,382813	-43,586094
317,626953	-41,894539
317,871094	-41,343239
318,115234	-48,353470
318,359375	-44,884777
318,603516	-40,713280
318,847656	-39,894764
319,091797	-40,744205
319,335938	-41,965195
319,580078	-41,322365
319,824219	-43,514084
320,068359	-42,993221
320,312500	-40,141582
320,556641	-38,747345
320,800781	-39,620342
321,044922	-39,401459
321,289063	-41,373192
321,533203	-42,230412
321,777344	-39,236130
322,021484	-40,866711
322,265625	-41,094219
322,509766	-40,869610
322,753906	-39,658798
322,998047	-37,363167
323,242188	-44,390755
323,486328	-45,159901
323,730469	-40,997501
323,974609	-40,929863
324,218750	-39,412289
324,462891	-38,036957
324,707031	-41,200726
324,951172	-40,957272
325,195313	-40,679653
325,439453	-44,807159
325,683594	-46,276566
325,927734	-47,401802
326,171875	-48,022263
326,416016	-40,681011
326,660156	-46,295753
326,904297	-43,560547
327,148438	-44,409634
327,392578	-43,580627
327,636719	-40,820553
327,880859	-41,932056
328,125000	-41,053429
328,369141	-45,151482
328,613281	-45,332378
328,857422	-45,285854
329,101563	-47,328236
329,345703	-51,668774
329,589844	-45,366253
329,833984	-45,455307
330,078125	-48,854465
330,322266	-50,086666
330,566406	-53,881889
330,810547	-49,163399
331,054688	-44,568203
331,298828	-42,110313
331,542969	-42,114426
331,787109	-44,438023
332,031250	-45,249676
332,275391	-45,383900
332,519531	-43,558971
332,763672	-38,979809
333,007813	-38,278900
333,251953	-49,010498
333,496094	-41,963432
333,740234	-39,305550
333,984375	-47,504780
334,228516	-45,463421
334,472656	-43,101894
334,716797	-47,712345
334,960938	-42,524174
335,205078	-38,831142
335,449219	-41,778175
335,693359	-38,746510
335,937500	-39,518280
336,181641	-41,646111
336,425781	-40,346100
336,669922	-45,852863
336,914063	-46,396843
337,158203	-47,840458
337,402344	-51,904510
337,646484	-46,424911
337,890625	-48,598331
338,134766	-43,846245
338,378906	-40,811653
338,623047	-42,818840
338,867188	-39,506371
339,111328	-39,596546
339,355469	-44,206764
339,599609	-49,524879
339,843750	-41,298229
340,087891	-44,061802
340,332031	-44,842945
340,576172	-44,457546
340,820313	-45,106030
341,064453	-45,017727
341,308594	-46,334408
341,552734	-47,282707
341,796875	-48,650288
342,041016	-44,872231
342,285156	-45,603741
342,529297	-45,771996
342,773438	-44,713974
343,017578	-48,328651
343,261719	-42,156288
343,505859	-41,940857
343,750000	-44,469055
343,994141	-38,979977
344,238281	-40,977390
344,482422	-45,076912
344,726563	-42,789845
344,970703	-44,303852
345,214844	-39,922512
345,458984	-44,598598
345,703125	-47,593857
345,947266	-48,130291
346,191406	-47,656837
346,435547	-45,058945
346,679688	-42,403919
346,923828	-38,474686
347,167969	-41,286465
347,412109	-42,038361
347,656250	-40,637196
347,900391	-40,691685
348,144531	-41,186245
348,388672	-39,743938
348,632813	-40,979580
348,876953	-40,297482
349,121094	-43,070930
349,365234	-43,857574
349,609375	-44,439648
349,853516	-42,126793
350,097656	-38,162491
350,341797	-39,364288
350,585938	-40,732944
350,830078	-43,488804
351,074219	-46,008247
351,318359	-45,167702
351,562500	-42,868862
351,806641	-40,923962
352,050781	-41,865574
352,294922	-40,195129
352,539063	-40,375668
352,783203	-41,632595
353,027344	-42,021255
353,271484	-43,927570
353,515625	-47,486652
353,759766	-41,471161
354,003906	-41,337059
354,248047	-41,941509
354,492188	-40,687550
354,736328	-44,317814
354,980469	-42,485550
355,224609	-44,260265
355,468750	-40,859627
355,712891	-46,063961
355,957031	-43,480648
356,201172	-52,247486
356,445313	-36,251534
356,689453	-36,532196
356,933594	-41,210846
357,177734	-43,958252
357,421875	-43,506348
357,666016	-39,929260
357,910156	-41,250977
358,154297	-41,461033
358,398438	-42,503197
358,642578	-46,266224
358,886719	-43,507076
359,130859	-45,676479
359,375000	-51,550774
359,619141	-52,140884
359,863281	-44,269711
360,107422	-41,509941
360,351563	-41,913162
360,595703	-38,433270
360,839844	-43,512131
361,083984	-50,272251
361,328125	-47,290092
361,572266	-47,385666
361,816406	-41,798195
362,060547	-47,055061
362,304688	-48,030891
362,548828	-43,236908
362,792969	-42,273617
363,037109	-40,141670
363,281250	-44,318748
363,525391	-51,560818
363,769531	-44,845673
364,013672	-42,345024
364,257813	-48,301785
364,501953	-47,226463
364,746094	-48,994408
364,990234	-46,043407
365,234375	-38,292995
365,478516	-40,527287
365,722656	-46,085449
365,966797	-44,531998
366,210938	-42,126259
366,455078	-43,557388
366,699219	-45,424320
366,943359	-45,501015
367,187500	-56,164532
367,431641	-47,053680
367,675781	-42,356129
367,919922	-38,552212
368,164063	-37,171116
368,408203	-38,904736
368,652344	-59,946655
368,896484	-39,432007
369,140625	-42,659939
369,384766	-50,372158
369,628906	-45,568581
369,873047	-42,636833
370,117188	-41,315105
370,361328	-41,522503
370,605469	-44,918781
370,849609	-45,196083
371,093750	-40,607864
371,337891	-38,719807
371,582031	-41,938915
371,826172	-43,668625
372,070313	-39,776600
372,314453	-41,973415
372,558594	-44,650902
372,802734	-40,318417
373,046875	-49,852386
373,291016	-41,026836
373,535156	-38,913101
373,779297	-39,258900
374,023438	-46,504375
374,267578	-45,446384
374,511719	-46,136898
374,755859	-45,227333
375,000000	-53,362232
375,244141	-45,726505
375,488281	-40,760548
375,732422	-43,087296
375,976563	-41,473461
376,220703	-40,479782
376,464844	-42,435196
376,708984	-43,631546
376,953125	-41,999218
377,197266	-42,957298
377,441406	-48,335434
377,685547	-42,142387
377,929688	-38,869915
378,173828	-38,556728
378,417969	-43,537323
378,662109	-47,405529
378,906250	-46,236908
379,150391	-46,848446
379,394531	-42,428101
379,638672	-38,174557
379,882813	-38,127464
380,126953	-39,691658
380,371094	-57,455235
380,615234	-45,627899
380,859375	-43,013523
381,103516	-43,578651
381,347656	-47,707737
381,591797	-48,221329
381,835938	-41,097378
382,080078	-41,167694
382,324219	-41,509857
382,568359	-38,432426
382,812500	-40,444355
383,056641	-48,238850
383,300781	-42,179501
383,544922	-46,723251
383,789063	-53,120541
384,033203	-47,014587
384,277344	-39,600555
384,521484	-43,283447
384,765625	-48,503311
385,009766	-51,682873
385,253906	-43,955040
385,498047	-44,544365
385,742188	-41,571663
385,986328	-41,534016
386,230469	-54,109997
386,474609	-41,662113
386,718750	-39,333328
386,962891	-41,427814
387,207031	-41,438354
387,451172	-43,801857
387,695313	-48,610661
387,939453	-40,067307
388,183594	-41,167355
388,427734	-49,291439
388,671875	-41,933044
388,916016	-40,604053
389,160156	-42,922638
389,404297	-43,786896
389,648438	-43,505585
389,892578	-41,765377
390,136719	-51,896122
390,380859	-42,806404
390,625000	-44,994732
390,869141	-51,066196
391,113281	-42,709221
391,357422	-41,099522
391,601563	-41,063335
391,845703	-43,845551
392,089844	-52,739620
392,333984	-42,946457
392,578125	-40,712975
392,822266	-45,891045
393,066406	-50,096931
393,310547	-43,206631
393,554688	-43,582294
393,798828	-49,703255
394,042969	-47,454544
394,287109	-46,430199
394,531250	-54,265251
394,775391	-47,282196
395,019531	-48,234505
395,263672	-50,294239
395,507813	-51,665298
395,751953	-45,543266
395,996094	-44,955425
396,240234	-43,562515
396,484375	-42,044033
396,728516	-42,087597
396,972656	-42,997601
397,216797	-46,180176
397,460938	-44,629551
397,705078	-41,260349
397,949219	-43,872501
398,193359	-44,923248
398,437500	-44,694855
398,681641	-45,925827
398,925781	-40,926785
399,169922	-40,296940
399,414063	-40,634193
399,658203	-44,740715
399,902344	-48,517048
400,146484	-41,378540
400,390625	-41,403431
400,634766	-45,799152
400,878906	-44,113041
401,123047	-41,919655
401,367188	-40,462978
401,611328	-34,383926
401,855469	-36,087700
402,099609	-46,165810
402,343750	-53,653835
402,587891	-48,143707
402,832031	-44,020203
403,076172	-41,369221
403,320313	-39,886909
403,564453	-40,257343
403,808594	-40,316135
404,052734	-38,682281
404,296875	-46,525219
404,541016	-44,123363
404,785156	-40,207119
405,029297	-44,601143
405,273438	-48,837193
405,517578	-42,989552
405,761719	-45,718224
406,005859	-44,551910
406,250000	-44,459209
406,494141	-53,293655
406,738281	-41,879539
406,982422	-42,090900
407,226563	-46,546829
407,470703	-60,980366
407,714844	-51,223389
407,958984	-42,736744
408,203125	-41,986889
408,447266	-45,393047
408,691406	-44,790005
408,935547	-45,537556
409,179688	-43,534657
409,423828	-42,859310
409,667969	-44,455456
409,912109	-42,658665
410,156250	-38,622375
410,400391	-42,069740
410,644531	-46,776356
410,888672	-45,546432
411,132813	-45,599396
411,376953	-42,373806
411,621094	-39,918819
411,865234	-40,211834
412,109375	-46,293747
412,353516	-45,437462
412,597656	-42,963806
412,841797	-39,163982
413,085938	-41,863762
413,330078	-50,153824
413,574219	-44,682911
413,818359	-41,705929
414,062500	-47,888905
414,306641	-48,027267
414,550781	-39,556580
414,794922	-39,890354
415,039063	-42,485107
415,283203	-40,289738
415,527344	-43,081470
415,771484	-45,916374
416,015625	-45,998676
416,259766	-44,715916
416,503906	-44,295132
416,748047	-47,250172
416,992188	-51,477043
417,236328	-43,923088
417,480469	-44,706123
417,724609	-47,941513
417,968750	-46,761395
418,212891	-44,111729
418,457031	-45,690029
418,701172	-46,045929
418,945313	-44,553432
419,189453	-44,859901
419,433594	-44,402355
419,677734	-43,632641
419,921875	-41,187347
420,166016	-42,717026
420,410156	-46,217392
420,654297	-43,613167
420,898438	-47,419079
421,142578	-47,946503
421,386719	-54,497337
421,630859	-46,771736
421,875000	-46,001766
422,119141	-46,554588
422,363281	-46,398716
422,607422	-43,694748
422,851563	-42,792080
423,095703	-42,453255
423,339844	-41,631310
423,583984	-44,471733
423,828125	-52,275978
424,072266	-46,473949
424,316406	-50,588459
424,560547	-46,043133
424,804688	-43,931534
425,048828	-51,052940
425,292969	-41,457245
425,537109	-36,820873
425,781250	-39,193115
426,025391	-41,645874
426,269531	-41,136593
426,513672	-40,857388
426,757813	-42,572475
427,001953	-45,998577
427,246094	-45,770874
427,490234	-42,484360
427,734375	-41,661110
427,978516	-41,398693
428,222656	-42,164352
428,466797	-54,604206
428,710938	-44,450829
428,955078	-48,141003
429,199219	-46,474308
429,443359	-43,037037
429,687500	-44,552994
429,931641	-45,298199
430,175781	-39,257813
430,419922	-39,348824
430,664063	-44,102192
430,908203	-42,373650
431,152344	-46,363155
431,396484	-41,049160
431,640625	-40,834381
431,884766	-43,040310
432,128906	-44,512852
432,373047	-42,953594
432,617188	-41,436283
432,861328	-43,313618
433,105469	-45,596054
433,349609	-42,169189
433,593750	-39,690365
433,837891	-40,549248
434,082031	-42,990852
434,326172	-48,990582
434,570313	-51,374100
434,814453	-45,362919
435,058594	-42,505394
435,302734	-39,974262
435,546875	-39,995770
435,791016	-42,622822
436,035156	-46,001869
436,279297	-45,937164
436,523438	-41,927986
436,767578	-41,921326
437,011719	-48,248837
437,255859	-50,808571
437,500000	-43,910233
437,744141	-43,170963
437,988281	-44,355301
438,232422	-48,535225
438,476563	-45,116531
438,720703	-45,821411
438,964844	-47,856476
439,208984	-48,726822
439,453125	-50,537014
439,697266	-51,980232
439,941406	-46,045616
440,185547	-43,996151
440,429688	-40,397846
440,673828	-42,248932
440,917969	-42,412033
441,162109	-43,195778
441,406250	-45,848148
441,650391	-41,938316
441,894531	-40,991318
442,138672	-40,400982
442,382813	-43,293850
442,626953	-45,232307
442,871094	-43,464241
443,115234	-43,256374
443,359375	-46,909882
443,603516	-50,131638
443,847656	-42,069111
444,091797	-42,390186
444,335938	-50,717949
444,580078	-41,536198
444,824219	-39,374451
445,068359	-41,094082
445,312500	-49,223812
445,556641	-43,952717
445,800781	-46,484547
446,044922	-47,605968
446,289063	-41,206451
446,533203	-44,667023
446,777344	-44,031925
447,021484	-46,434032
447,265625	-40,426884
447,509766	-37,447498
447,753906	-41,037209
447,998047	-44,121941
448,242188	-44,426323
448,486328	-40,305412
448,730469	-39,806564
448,974609	-45,185650
449,218750	-45,775742
449,462891	-40,444767
449,707031	-48,640354
449,951172	-41,213657
450,195313	-43,506470
450,439453	-46,308838
450,683594	-44,795044
450,927734	-46,631794
451,171875	-47,983620
451,416016	-53,017696
451,660156	-46,601799
451,904297	-43,743179
452,148438	-43,325134
452,392578	-47,757641
452,636719	-47,275444
452,880859	-47,485992
453,125000	-51,437405
453,369141	-49,266068
453,613281	-47,124310
453,857422	-44,321758
454,101563	-42,615711
454,345703	-42,744263
454,589844	-41,569664
454,833984	-51,111202
455,078125	-49,041225
455,322266	-51,770912
455,566406	-51,436260
455,810547	-46,444935
456,054688	-45,140572
456,298828	-46,398098
456,542969	-44,674625
456,787109	-46,935928
457,031250	-47,251877
457,275391	-42,592102
457,519531	-40,168427
457,763672	-42,207863
458,007813	-42,485565
458,251953	-44,732510
458,496094	-39,522888
458,740234	-40,303146
458,984375	-42,488445
459,228516	-49,775417
459,472656	-42,493484
459,716797	-41,485538
459,960938	-43,900677
460,205078	-48,496590
460,449219	-44,020641
460,693359	-42,450645
460,937500	-43,789173
461,181641	-44,468079
461,425781	-43,260742
461,669922	-47,441742
461,914063	-46,544575
462,158203	-41,271675
462,402344	-41,099102
462,646484	-46,628185
462,890625	-46,250969
463,134766	-44,850410
463,378906	-41,431820
463,623047	-41,794777
463,867188	-40,367748
464,111328	-42,246857
464,355469	-45,293919
464,599609	-39,639378
464,843750	-42,737148
465,087891	-44,128113
465,332031	-42,530712
465,576172	-49,192413
465,820313	-42,722729
466,064453	-46,265362
466,308594	-50,025547
466,552734	-41,779716
466,796875	-40,913670
467,041016	-43,380432
467,285156	-51,070129
467,529297	-45,242260
467,773438	-43,468197
468,017578	-41,138790
468,261719	-41,946419
468,505859	-46,799965
468,750000	-43,531834
468,994141	-42,192574
469,238281	-42,567482
469,482422	-39,512085
469,726563	-43,139305
469,970703	-47,796257
470,214844	-47,139721
470,458984	-43,290165
470,703125	-43,823776
470,947266	-46,385521
471,191406	-44,150414
471,435547	-43,423485
471,679688	-47,968010
471,923828	-47,290207
472,167969	-47,034691
472,412109	-46,001152
472,656250	-46,228813
472,900391	-44,030197
473,144531	-45,664841
473,388672	-46,155876
473,632813	-48,256535
473,876953	-45,477299
474,121094	-44,863724
474,365234	-45,644844
474,609375	-48,004692
474,853516	-43,551746
475,097656	-40,340149
475,341797	-41,168625
475,585938	-48,338161
475,830078	-48,367130
476,074219	-42,563862
476,318359	-49,511116
476,562500	-48,148411
476,806641	-49,068707
477,050781	-45,029072
477,294922	-45,742275
477,539063	-48,190144
477,783203	-44,060036
478,027344	-45,387249
478,271484	-47,988640
478,515625	-46,601089
478,759766	-45,580154
479,003906	-45,606800
479,248047	-46,586102
479,492188	-45,418262
479,736328	-41,772106
479,980469	-40,458199
480,224609	-45,139919
480,468750	-42,484123
480,712891	-41,894840
480,957031	-43,521427
481,201172	-47,939472
481,445313	-47,258102
481,689453	-43,633224
481,933594	-42,289322
482,177734	-43,535061
482,421875	-44,893978
482,666016	-46,987698
482,910156	-44,499702
483,154297	-44,162346
483,398438	-41,158562
483,642578	-41,257431
483,886719	-47,402847
484,130859	-46,152992
484,375000	-45,787132
484,619141	-48,055420
484,863281	-44,117107
485,107422	-42,278591
485,351563	-45,099888
485,595703	-49,490650
485,839844	-45,027283
486,083984	-46,349213
486,328125	-47,057175
486,572266	-43,394436
486,816406	-41,088757
487,060547	-41,420826
487,304688	-42,272625
487,548828	-42,601665
487,792969	-47,122631
488,037109	-41,059715
488,281250	-40,496006
488,525391	-43,975792
488,769531	-52,548946
489,013672	-43,097996
489,257813	-42,707081
489,501953	-50,085701
489,746094	-46,185417
489,990234	-43,796528
490,234375	-47,256802
490,478516	-44,743568
490,722656	-45,658329
490,966797	-48,832520
491,210938	-49,319626
491,455078	-50,272991
491,699219	-46,326767
491,943359	-48,935616
492,187500	-44,999348
492,431641	-49,552292
492,675781	-43,155945
492,919922	-46,510540
493,164063	-46,695965
493,408203	-45,797329
493,652344	-46,792610
493,896484	-40,493874
494,140625	-38,855705
494,384766	-40,369400
494,628906	-51,100845
494,873047	-50,200108
495,117188	-47,989586
495,361328	-51,392502
495,605469	-47,781258
495,849609	-42,448837
496,093750	-41,438778
496,337891	-49,625626
496,582031	-41,382263
496,826172	-40,194672
497,070313	-45,851231
497,314453	-49,409298
497,558594	-47,090549
497,802734	-41,911804
498,046875	-40,885628
498,291016	-41,670994
498,535156	-42,670010
498,779297	-41,675953
499,023438	-46,509418
499,267578	-45,783787
499,511719	-43,588009
499,755859	-47,197227
500,000000	-42,708698
500,244141	-44,095814
500,488281	-43,614857
500,732422	-38,976822
500,976563	-42,974380
501,220703	-47,538864
501,464844	-44,230694
501,708984	-40,601151
501,953125	-42,344391
502,197266	-51,067989
502,441406	-45,393688
502,685547	-45,860878
502,929688	-46,574131
503,173828	-43,531006
503,417969	-43,560814
503,662109	-47,580189
503,906250	-48,122734
504,150391	-42,171200
504,394531	-39,165638
504,638672	-42,255520
504,882813	-52,460468
505,126953	-50,952229
505,371094	-51,007442
505,615234	-40,471207
505,859375	-42,632702
506,103516	-42,845310
506,347656	-44,625633
506,591797	-47,189224
506,835938	-52,040524
507,080078	-45,932098
507,324219	-45,745224
507,568359	-51,569561
507,812500	-43,499725
508,056641	-41,805405
508,300781	-45,810097
508,544922	-42,560886
508,789063	-42,343491
509,033203	-42,853649
509,277344	-41,746147
509,521484	-43,630856
509,765625	-42,473873
510,009766	-40,894764
510,253906	-43,875111
510,498047	-43,183453
510,742188	-39,246170
510,986328	-39,490200
511,230469	-43,814457
511,474609	-43,230293
511,718750	-41,055710
511,962891	-42,739449
512,207031	-47,767845
512,451172	-53,775311
512,695313	-56,471401
512,939453	-46,155701
513,183594	-43,715073
513,427734	-45,743317
513,671875	-42,090122
513,916016	-46,385281
514,160156	-49,343559
514,404297	-46,386826
514,648438	-42,085716
514,892578	-41,123909
515,136719	-43,822014
515,380859	-47,569595
515,625000	-43,651600
515,869141	-39,785488
516,113281	-40,730495
516,357422	-47,949047
516,601563	-45,924324
516,845703	-41,945423
517,089844	-39,221416
517,333984	-42,032200
517,578125	-45,329308
517,822266	-48,321720
518,066406	-47,368660
518,310547	-44,648342
518,554688	-41,791473
518,798828	-42,134453
519,042969	-46,110638
519,287109	-47,846127
519,531250	-49,549328
519,775391	-44,993931
520,019531	-45,469593
520,263672	-45,846527
520,507813	-44,225636
520,751953	-47,546783
520,996094	-44,492489
521,240234	-43,264793
521,484375	-45,825863
521,728516	-44,080502
521,972656	-38,436146
522,216797	-38,900585
522,460938	-44,083897
522,705078	-44,204288
522,949219	-44,575569
523,193359	-43,109547
523,437500	-42,192619
523,681641	-46,582829
523,925781	-47,566772
524,169922	-39,993492
524,414063	-39,693909
524,658203	-46,860386
524,902344	-51,615307
525,146484	-47,925056
525,390625	-53,934006
525,634766	-42,760410
525,878906	-43,801022
526,123047	-46,496929
526,367188	-42,406734
526,611328	-42,282955
526,855469	-41,709808
527,099609	-41,656715
527,343750	-43,020481
527,587891	-47,163700
527,832031	-50,492832
528,076172	-47,757904
528,320313	-49,125362
528,564453	-46,264183
528,808594	-48,390602
529,052734	-54,665813
529,296875	-56,845943
529,541016	-45,561741
529,785156	-38,979458
530,029297	-39,512917
530,273438	-46,824833
530,517578	-42,988430
530,761719	-44,341358
531,005859	-51,542538
531,250000	-48,264652
531,494141	-52,778580
531,738281	-52,351734
531,982422	-49,847633
532,226563	-47,082172
532,470703	-55,057426
532,714844	-45,335552
532,958984	-44,247570
533,203125	-47,758530
533,447266	-46,590309
533,691406	-44,928432
533,935547	-42,269917
534,179688	-40,865444
534,423828	-42,037899
534,667969	-44,273621
534,912109	-43,346710
535,156250	-48,281769
535,400391	-48,521492
535,644531	-42,660500
535,888672	-41,814373
536,132813	-41,954281
536,376953	-43,846596
536,621094	-48,715492
536,865234	-43,214108
537,109375	-52,477009
537,353516	-48,650848
537,597656	-48,921032
537,841797	-48,613594
538,085938	-51,173264
538,330078	-55,730019
538,574219	-44,717911
538,818359	-41,017273
539,062500	-45,133675
539,306641	-55,332325
539,550781	-44,419685
539,794922	-41,969810
540,039063	-44,665203
540,283203	-43,274246
540,527344	-42,411266
540,771484	-43,499825
541,015625	-48,511444
541,259766	-57,816059
541,503906	-40,652927
541,748047	-41,099747
541,992188	-46,463993
542,236328	-44,966568
542,480469	-44,951027
542,724609	-46,063267
542,968750	-45,348202
543,212891	-52,664165
543,457031	-44,374882
543,701172	-43,145416
543,945313	-41,547459
544,189453	-42,381683
544,433594	-47,137562
544,677734	-45,104694
544,921875	-43,537636
545,166016	-43,707584
545,410156	-45,354649
545,654297	-48,667152
545,898438	-48,740917
546,142578	-44,477707
546,386719	-44,638123
546,630859	-45,843658
546,875000	-47,625603
547,119141	-45,456573
547,363281	-47,718834
547,607422	-43,830185
547,851563	-40,547241
548,095703	-40,897682
548,339844	-48,697937
548,583984	-44,189503
548,828125	-44,394836
549,072266	-44,790844
549,316406	-42,125427
549,560547	-48,591160
549,804688	-49,310165
550,048828	-45,489647
550,292969	-41,427303
550,537109	-45,100513
550,781250	-47,546158
551,025391	-43,756641
551,269531	-43,092377
551,513672	-48,038193
551,757813	-48,915157
552,001953	-45,615578
552,246094	-49,950775
552,490234	-50,264671
552,734375	-44,776005
552,978516	-49,985222
553,222656	-48,106651
553,466797	-49,349224
553,710938	-44,571262
553,955078	-42,513706
554,199219	-43,651524
554,443359	-44,331806
554,687500	-48,501499
554,931641	-51,812305
555,175781	-47,048309
555,419922	-45,216263
555,664063	-41,501331
555,908203	-41,251972
556,152344	-44,605740
556,396484	-41,911175
556,640625	-42,404003
556,884766	-45,760780
557,128906	-45,696980
557,373047	-55,332287
557,617188	-45,285286
557,861328	-42,041573
558,105469	-47,269924
558,349609	-45,895985
558,593750	-43,784000
558,837891	-46,536789
559,082031	-48,555386
559,326172	-45,431091
559,570313	-46,651134
559,814453	-48,239056
560,058594	-43,314091
560,302734	-45,380798
560,546875	-50,312592
560,791016	-50,049831
561,035156	-45,013985
561,279297	-43,716038
561,523438	-42,923889
561,767578	-44,946770
562,011719	-44,107933
562,255859	-42,509365
562,500000	-40,763092
562,744141	-39,266247
562,988281	-49,521370
563,232422	-48,895695
563,476563	-50,134720
563,720703	-48,545017
563,964844	-45,667458
564,208984	-44,586079
564,453125	-43,322903
564,697266	-43,723331
564,941406	-48,553593
565,185547	-47,191059
565,429688	-43,716854
565,673828	-47,728416
565,917969	-41,820255
566,162109	-41,781704
566,406250	-39,880669
566,650391	-40,213791
566,894531	-45,185829
567,138672	-45,640942
567,382813	-44,796986
567,626953	-42,655399
567,871094	-40,468662
568,115234	-41,274086
568,359375	-41,128414
568,603516	-40,421066
568,847656	-43,610497
569,091797	-47,891144
569,335938	-46,569000
569,580078	-42,098717
569,824219	-41,827511
570,068359	-47,868938
570,312500	-43,633228
570,556641	-42,296188
570,800781	-42,009285
571,044922	-45,379391
571,289063	-46,224377
571,533203	-42,675224
571,777344	-39,606068
572,021484	-45,766472
572,265625	-48,172276
572,509766	-45,427757
572,753906	-46,029358
572,998047	-49,831570
573,242188	-48,840515
573,486328	-48,189011
573,730469	-64,295357
573,974609	-46,167427
574,218750	-43,753464
574,462891	-48,390785
574,707031	-43,677181
574,951172	-43,107658
575,195313	-48,271923
575,439453	-42,405174
575,683594	-44,866150
575,927734	-43,363804
576,171875	-41,544197
576,416016	-46,775688
576,660156	-44,937855
576,904297	-48,379669
577,148438	-45,277309
577,392578	-42,424187
577,636719	-46,461666
577,880859	-48,610806
578,125000	-44,373089
578,369141	-43,158005
578,613281	-43,356445
578,857422	-46,206429
579,101563	-44,085411
579,345703	-41,704273
579,589844	-43,799026
579,833984	-43,668076
580,078125	-41,942410
580,322266	-39,654819
580,566406	-43,238464
580,810547	-46,514275
581,054688	-39,965107
581,298828	-40,857037
581,542969	-42,138176
581,787109	-41,143753
582,031250	-41,343861
582,275391	-42,563271
582,519531	-42,050255
582,763672	-40,114433
583,007813	-45,246906
583,251953	-53,600307
583,496094	-47,349873
583,740234	-42,587105
583,984375	-43,670422
584,228516	-46,937561
584,472656	-46,462708
584,716797	-49,304871
584,960938	-46,348106
585,205078	-43,309948
585,449219	-43,776882
585,693359	-44,896599
585,937500	-45,293961
586,181641	-41,915188
586,425781	-45,483139
586,669922	-45,804363
586,914063	-50,714996
587,158203	-43,339363
587,402344	-45,781796
587,646484	-41,231392
587,890625	-41,177509
588,134766	-43,314003
588,378906	-44,503601
588,623047	-46,947113
588,867188	-43,963184
589,111328	-44,882507
589,355469	-42,234852
589,599609	-42,746017
589,843750	-46,142326
590,087891	-46,202393
590,332031	-44,279598
590,576172	-44,877438
590,820313	-41,435455
591,064453	-44,684818
591,308594	-54,759373
591,552734	-42,970928
591,796875	-43,284710
592,041016	-42,766396
592,285156	-40,654854
592,529297	-46,811958
592,773438	-52,943253
593,017578	-44,613743
593,261719	-46,907059
593,505859	-49,457539
593,750000	-44,232197
593,994141	-43,427326
594,238281	-43,279015
594,482422	-44,520935
594,726563	-44,933681
594,970703	-41,541027
595,214844	-43,525337
595,458984	-48,756538
595,703125	-44,217205
595,947266	-43,275547
596,191406	-45,714867
596,435547	-48,847511
596,679688	-45,195560
596,923828	-40,987022
597,167969	-41,958088
597,412109	-46,335995
597,656250	-47,767586
597,900391	-49,624943
598,144531	-49,028385
598,388672	-47,177025
598,632813	-51,263004
598,876953	-41,793003
599,121094	-43,990372
599,365234	-43,019375
599,609375	-41,909241
599,853516	-42,851486
600,097656	-42,725262
600,341797	-41,546932
600,585938	-43,150223
600,830078	-47,450428
601,074219	-49,013638
601,318359	-46,971554
601,562500	-44,737007
601,806641	-39,537586
602,050781	-29,702230
602,294922	-13,834799
602,539063	-12,920757
602,783203	-25,200844
603,027344	-39,820038
603,271484	-39,900352
603,515625	-41,758137
603,759766	-43,383766
604,003906	-50,139774
604,248047	-46,753201
604,492188	-47,643475
604,736328	-44,157089
604,980469	-42,657959
605,224609	-44,562927
605,468750	-43,731476
605,712891	-41,930210
605,957031	-41,952839
606,201172	-49,989475
606,445313	-42,737503
606,689453	-43,388550
606,933594	-47,535721
607,177734	-45,988777
607,421875	-46,990238
607,666016	-47,521397
607,910156	-49,145863
608,154297	-48,913876
608,398438	-47,660599
608,642578	-45,187534
608,886719	-47,302292
609,130859	-39,950352
609,375000	-43,331070
609,619141	-43,855755
609,863281	-42,140530
610,107422	-43,603802
610,351563	-44,405251
610,595703	-46,071239
610,839844	-48,576931
611,083984	-47,509640
611,328125	-45,815014
611,572266	-42,957584
611,816406	-43,535492
612,060547	-44,348248
612,304688	-44,138344
612,548828	-55,146996
612,792969	-51,539616
613,037109	-45,058842
613,281250	-42,250790
613,525391	-42,523384
613,769531	-46,985584
614,013672	-40,325733
614,257813	-42,711605
614,501953	-45,217564
614,746094	-41,065998
614,990234	-41,996155
615,234375	-52,259651
615,478516	-46,024242
615,722656	-46,941299
615,966797	-52,406418
616,210938	-60,990810
616,455078	-52,080647
616,699219	-45,791973
616,943359	-43,378380
617,187500	-38,996223
617,431641	-38,079479
617,675781	-42,821945
617,919922	-50,156513
618,164063	-50,709755
618,408203	-43,897739
618,652344	-43,021164
618,896484	-50,064735
619,140625	-49,024815
619,384766	-46,283604
619,628906	-42,539902
619,873047	-42,446140
620,117188	-42,887707
620,361328	-45,540432
620,605469	-45,591423
620,849609	-43,875820
621,093750	-41,719738
621,337891	-44,747410
621,582031	-49,978817
621,826172	-48,263683
622,070313	-45,526680
622,314453	-41,968792
622,558594	-45,969723
622,802734	-49,553127
623,046875	-49,288467
623,291016	-48,845161
623,535156	-44,884491
623,779297	-45,646011
624,023438	-49,464916
624,267578	-49,292995
624,511719	-51,389442
624,755859	-46,678417
625,000000	-46,015732
625,244141	-46,093437
625,488281	-45,787365
625,732422	-46,780289
625,976563	-44,372242
626,220703	-46,958462
626,464844	-44,149719
626,708984	-42,752110
626,953125	-45,196968
627,197266	-45,901951
627,441406	-48,194962
627,685547	-42,028797
627,929688	-42,665939
628,173828	-49,422955
628,417969	-52,438362
628,662109	-56,248863
628,906250	-52,182186
629,150391	-55,069664
629,394531	-51,070724
629,638672	-49,604340
629,882813	-45,617352
630,126953	-43,138042
630,371094	-43,289791
630,615234	-48,087269
630,859375	-46,833950
631,103516	-47,224838
631,347656	-49,950527
631,591797	-44,248558
631,835938	-44,467510
632,080078	-43,277626
632,324219	-43,028275
632,568359	-42,302456
632,812500	-41,848549
633,056641	-47,643562
633,300781	-42,561169
633,544922	-39,123276
633,789063	-41,872074
634,033203	-49,418648
634,277344	-45,566067
634,521484	-48,211643
634,765625	-44,473942
635,009766	-43,485973
635,253906	-45,110161
635,498047	-43,408646
635,742188	-42,317230
635,986328	-39,616451
636,230469	-39,273926
636,474609	-42,078121
636,718750	-43,790234
636,962891	-44,340420
637,207031	-46,188171
637,451172	-41,179077
637,695313	-44,190445
637,939453	-44,612972
638,183594	-46,263710
638,427734	-54,776058
638,671875	-45,231007
638,916016	-42,156906
639,160156	-42,991310
639,404297	-45,555180
639,648438	-46,303707
639,892578	-42,471985
640,136719	-43,476505
640,380859	-45,610302
640,625000	-48,710403
640,869141	-49,476189
641,113281	-52,607231
641,357422	-46,963543
641,601563	-43,432789
641,845703	-45,664261
642,089844	-45,651489
642,333984	-43,673748
642,578125	-43,294468
642,822266	-44,091759
643,066406	-43,615917
643,310547	-42,760666
643,554688	-42,598949
643,798828	-42,296356
644,042969	-49,650455
644,287109	-43,022083
644,531250	-44,964195
644,775391	-47,138786
645,019531	-47,969162
645,263672	-48,136795
645,507813	-47,109226
645,751953	-46,231556
645,996094	-47,245052
646,240234	-49,285561
646,484375	-50,384830
646,728516	-49,268829
646,972656	-47,865925
647,216797	-47,765892
647,460938	-47,809971
647,705078	-44,964729
647,949219	-44,631546
648,193359	-52,270054
648,437500	-48,103867
648,681641	-44,187061
648,925781	-47,175148
649,169922	-44,824360
649,414063	-44,479980
649,658203	-45,893826
649,902344	-44,863190
650,146484	-41,482216
650,390625	-38,069504
650,634766	-39,357136
650,878906	-47,582729
651,123047	-48,295567
651,367188	-45,452076
651,611328	-46,379372
651,855469	-43,808830
652,099609	-49,102283
652,343750	-47,924465
652,587891	-43,134201
652,832031	-44,867992
653,076172	-44,478657
653,320313	-45,910206
653,564453	-52,863007
653,808594	-43,298611
654,052734	-45,981838
654,296875	-48,209732
654,541016	-42,946796
654,785156	-42,251965
655,029297	-46,402870
655,273438	-45,457577
655,517578	-46,584091
655,761719	-44,896076
656,005859	-40,254082
656,250000	-39,965260
656,494141	-41,446712
656,738281	-42,608334
656,982422	-42,885612
657,226563	-41,715038
657,470703	-49,046284
657,714844	-43,127483
657,958984	-41,783554
658,203125	-46,759220
658,447266	-44,551212
658,691406	-46,002010
658,935547	-47,427376
659,179688	-47,969162
659,423828	-52,013569
659,667969	-43,433308
659,912109	-40,735085
660,156250	-44,742756
660,400391	-47,714138
660,644531	-43,088566
660,888672	-47,114780
661,132813	-40,630451
661,376953	-41,828476
661,621094	-42,639812
661,865234	-45,929039
662,109375	-55,565773
662,353516	-45,515919
662,597656	-43,240559
662,841797	-43,931885
663,085938	-44,733147
663,330078	-45,283089
663,574219	-44,179283
663,818359	-45,684551
664,062500	-44,430096
664,306641	-42,202751
664,550781	-40,349899
664,794922	-43,614830
665,039063	-46,506199
665,283203	-44,496319
665,527344	-41,898094
665,771484	-45,259243
666,015625	-46,518433
666,259766	-44,583660
666,503906	-45,793839
666,748047	-47,076828
666,992188	-45,784763
667,236328	-44,543419
667,480469	-46,173237
667,724609	-51,194275
667,968750	-50,519081
668,212891	-44,030724
668,457031	-41,732338
668,701172	-45,225018
668,945313	-47,227795
669,189453	-46,681549
669,433594	-51,518829
669,677734	-51,251774
669,921875	-49,090614
670,166016	-45,384644
670,410156	-47,969234
670,654297	-45,856747
670,898438	-51,489029
671,142578	-50,773418
671,386719	-49,558102
671,630859	-52,778400
671,875000	-44,388985
672,119141	-43,630936
672,363281	-49,252167
672,607422	-52,973709
672,851563	-46,905144
673,095703	-49,737183
673,339844	-49,732441
673,583984	-47,582554
673,828125	-44,420238
674,072266	-44,165379
674,316406	-45,160126
674,560547	-47,351551
674,804688	-42,916866
675,048828	-40,937328
675,292969	-42,384518
675,537109	-44,761978
675,781250	-48,422592
676,025391	-46,013340
676,269531	-42,484230
676,513672	-43,048275
676,757813	-47,024960
677,001953	-47,980618
677,246094	-46,283337
677,490234	-49,760597
677,734375	-48,897697
677,978516	-46,488491
678,222656	-51,001240
678,466797	-45,155602
678,710938	-44,698254
678,955078	-44,607048
679,199219	-42,693539
679,443359	-43,191494
679,687500	-46,499496
679,931641	-45,777046
680,175781	-45,792625
680,419922	-40,712524
680,664063	-46,290306
680,908203	-42,801350
681,152344	-42,196709
681,396484	-47,205017
681,640625	-47,812824
681,884766	-44,899292
682,128906	-43,971367
682,373047	-53,518787
682,617188	-47,435577
682,861328	-43,612835
683,105469	-40,889225
683,349609	-44,668079
683,593750	-46,124062
683,837891	-45,803432
684,082031	-43,470097
684,326172	-42,789276
684,570313	-42,109894
684,814453	-43,809937
685,058594	-51,538338
685,302734	-55,020798
685,546875	-48,735996
685,791016	-50,204636
686,035156	-50,080917
686,279297	-52,830112
686,523438	-47,016701
686,767578	-53,581661
687,011719	-46,466995
687,255859	-50,439945
687,500000	-43,866806
687,744141	-40,101837
687,988281	-42,735825
688,232422	-45,828804
688,476563	-47,070343
688,720703	-46,535545
688,964844	-47,819294
689,208984	-41,718037
689,453125	-41,168266
689,697266	-43,497498
689,941406	-44,614159
690,185547	-46,510403
690,429688	-44,198288
690,673828	-42,936039
690,917969	-42,694607
691,162109	-44,181602
691,406250	-45,200378
691,650391	-48,139984
691,894531	-49,966969
692,138672	-46,494396
692,382813	-43,235626
692,626953	-44,699493
692,871094	-45,229210
693,115234	-47,653286
693,359375	-43,135777
693,603516	-41,339466
693,847656	-43,415508
694,091797	-44,210457
694,335938	-46,100838
694,580078	-48,824154
694,824219	-50,493187
695,068359	-46,523769
695,312500	-42,434292
695,556641	-41,885235
695,800781	-42,725021
696,044922	-39,708149
696,289063	-39,519997
696,533203	-44,530777
696,777344	-42,947414
697,021484	-42,088219
697,265625	-44,233234
697,509766	-47,259434
697,753906	-43,469868
697,998047	-44,435299
698,242188	-48,907776
698,486328	-45,885475
698,730469	-43,818111
698,974609	-42,163311
699,218750	-48,718681
699,462891	-41,820339
699,707031	-43,208637
699,951172	-42,086235
700,195313	-47,059383
700,439453	-48,241783
700,683594	-51,848186
700,927734	-58,254803
701,171875	-49,450462
701,416016	-43,996162
701,660156	-43,014793
701,904297	-42,722729
702,148438	-42,297825
702,392578	-40,873688
702,636719	-47,633110
702,880859	-47,232338
703,125000	-46,057991
703,369141	-45,217449
703,613281	-41,628002
703,857422	-39,962406
704,101563	-39,422569
704,345703	-41,784164
704,589844	-42,318218
704,833984	-40,063839
705,078125	-41,867043
705,322266	-43,404331
705,566406	-44,356720
705,810547	-46,288120
706,054688	-46,875721
706,298828	-48,228184
706,542969	-49,628426
706,787109	-45,164455
707,031250	-42,436954
707,275391	-49,517872
707,519531	-48,296936
707,763672	-48,804348
708,007813	-41,302097
708,251953	-42,293488
708,496094	-47,382721
708,740234	-44,855289
708,984375	-44,656719
709,228516	-44,392662
709,472656	-43,386280
709,716797	-43,401829
709,960938	-42,929031
710,205078	-43,543800
710,449219	-50,715656
710,693359	-45,444901
710,937500	-42,331718
711,181641	-47,284363
711,425781	-48,544529
711,669922	-51,659492
711,914063	-46,002735
712,158203	-44,798370
712,402344	-43,252346
712,646484	-46,061794
712,890625	-49,678089
713,134766	-47,671921
713,378906	-44,291077
713,623047	-41,750076
713,867188	-55,590366
714,111328	-46,320126
714,355469	-39,772339
714,599609	-39,943680
714,843750	-42,547138
715,087891	-39,503796
715,332031	-43,740181
715,576172	-44,285915
715,820313	-44,312695
716,064453	-42,419502
716,308594	-47,402050
716,552734	-49,224586
716,796875	-46,031174
717,041016	-42,011707
717,285156	-39,091885
717,529297	-43,304623
717,773438	-53,873039
718,017578	-48,681034
718,261719	-45,673355
718,505859	-44,638538
718,750000	-44,171066
718,994141	-44,030109
719,238281	-44,157608
719,482422	-44,581013
719,726563	-44,559525
719,970703	-44,575344
720,214844	-41,371170
720,458984	-44,072372
720,703125	-43,596695
720,947266	-43,577084
721,191406	-45,466999
721,435547	-44,508335
721,679688	-44,144188
721,923828	-45,960106
722,167969	-50,604389
722,412109	-46,110252
722,656250	-47,443554
722,900391	-48,390522
723,144531	-42,809448
723,388672	-41,598289
723,632813	-43,863625
723,876953	-43,626030
724,121094	-43,669197
724,365234	-47,763973
724,609375	-47,513481
724,853516	-48,020458
725,097656	-48,485291
725,341797	-44,554169
725,585938	-42,300034
725,830078	-44,240292
726,074219	-48,373104
726,318359	-42,416954
726,562500	-43,651432
726,806641	-44,486931
727,050781	-47,099644
727,294922	-42,625191
727,539063	-45,499382
727,783203	-40,716858
728,027344	-37,540005
728,271484	-42,210178
728,515625	-47,355362
728,759766	-43,980846
729,003906	-43,401985
729,248047	-45,768837
729,492188	-47,026028
729,736328	-49,188419
729,980469	-48,928520
730,224609	-48,257408
730,468750	-49,958500
730,712891	-46,754307
730,957031	-44,366337
731,201172	-42,206402
731,445313	-42,212402
731,689453	-42,359142
731,933594	-47,174374
732,177734	-47,015556
732,421875	-45,473724
732,666016	-44,296680
732,910156	-42,142643
733,154297	-45,225475
733,398438	-52,424839
733,642578	-45,881809
733,886719	-45,216297
734,130859	-45,005863
734,375000	-42,102818
734,619141	-42,608261
734,863281	-46,067390
735,107422	-45,766506
735,351563	-51,041248
735,595703	-51,791092
735,839844	-47,918537
736,083984	-47,105579
736,328125	-50,303711
736,572266	-44,963753
736,816406	-45,656544
737,060547	-48,290691
737,304688	-41,923698
737,548828	-43,560539
737,792969	-50,610355
738,037109	-46,457592
738,281250	-45,721512
738,525391	-50,078609
738,769531	-44,619701
739,013672	-42,434162
739,257813	-40,805702
739,501953	-47,056095
739,746094	-49,146687
739,990234	-48,762798
740,234375	-43,798893
740,478516	-42,057133
740,722656	-46,017300
740,966797	-50,249203
741,210938	-44,788574
741,455078	-45,369495
741,699219	-52,043934
741,943359	-44,523781
742,187500	-41,917225
742,431641	-39,880642
742,675781	-39,749817
742,919922	-41,531181
743,164063	-43,569355
743,408203	-51,318592
743,652344	-43,900223
743,896484	-44,008961
744,140625	-50,840622
744,384766	-49,072151
744,628906	-42,979504
744,873047	-43,992641
745,117188	-47,720238
745,361328	-47,769821
745,605469	-45,819809
745,849609	-44,483383
746,093750	-43,185524
746,337891	-43,972847
746,582031	-48,716759
746,826172	-44,223705
747,070313	-40,237858
747,314453	-44,658512
747,558594	-46,071190
747,802734	-45,000183
748,046875	-48,319481
748,291016	-50,106213
748,535156	-52,303368
748,779297	-46,351830
749,023438	-46,019958
749,267578	-47,476891
749,511719	-47,717323
749,755859	-44,459740
750,000000	-42,935238
750,244141	-42,971371
750,488281	-48,864307
750,732422	-44,310669
750,976563	-43,995506
751,220703	-43,652397
751,464844	-43,319660
751,708984	-46,136414
751,953125	-41,895851
752,197266	-41,147285
752,441406	-44,048176
752,685547	-43,087677
752,929688	-41,322727
753,173828	-43,651791
753,417969	-48,352291
753,662109	-47,060261
753,906250	-42,107559
754,150391	-44,041180
754,394531	-54,422501
754,638672	-49,028015
754,882813	-45,412216
755,126953	-49,030003
755,371094	-45,093899
755,615234	-42,640144
755,859375	-44,676460
756,103516	-48,155289
756,347656	-42,283543
756,591797	-45,607460
756,835938	-47,220356
757,080078	-52,599483
757,324219	-50,283276
757,568359	-43,551384
757,812500	-47,756622
758,056641	-62,635418
758,300781	-49,784618
758,544922	-49,471519
758,789063	-44,941963
759,033203	-49,570633
759,277344	-47,049812
759,521484	-45,531548
759,765625	-42,349396
760,009766	-38,603149
760,253906	-44,863613
760,498047	-43,501511
760,742188	-47,212059
760,986328	-47,697910
761,230469	-43,123333
761,474609	-43,234982
761,718750	-48,810013
761,962891	-47,412548
762,207031	-44,617039
762,451172	-46,513542
762,695313	-49,026981
762,939453	-44,742699
763,183594	-46,245708
763,427734	-49,043705
763,671875	-50,945347
763,916016	-49,591881
764,160156	-46,382587
764,404297	-46,523251
764,648438	-49,824833
764,892578	-54,030846
765,136719	-62,249352
765,380859	-48,489151
765,625000	-43,379650
765,869141	-42,687359
766,113281	-42,143005
766,357422	-46,375294
766,601563	-59,711388
766,845703	-43,466942
767,089844	-40,641384
767,333984	-42,072441
767,578125	-47,965866
767,822266	-47,486141
768,066406	-45,378242
768,310547	-45,390121
768,554688	-51,147575
768,798828	-49,682369
769,042969	-43,683346
769,287109	-42,945652
769,531250	-41,303226
769,775391	-42,265377
770,019531	-46,473263
770,263672	-45,791008
770,507813	-43,295677
770,751953	-45,176403
770,996094	-44,167088
771,240234	-41,931244
771,484375	-45,013790
771,728516	-56,548794
771,972656	-50,487801
772,216797	-53,799000
772,460938	-52,027386
772,705078	-48,936279
772,949219	-48,542191
773,193359	-52,239929
773,437500	-51,872692
773,681641	-44,880589
773,925781	-44,114380
774,169922	-44,760094
774,414063	-41,702957
774,658203	-43,885880
774,902344	-47,293499
775,146484	-42,186852
775,390625	-44,467163
775,634766	-44,545406
775,878906	-42,383568
776,123047	-46,229645
776,367188	-47,834602
776,611328	-45,004040
776,855469	-48,691406
777,099609	-49,663685
777,343750	-42,626583
777,587891	-42,503849
777,832031	-44,520977
778,076172	-50,804638
778,320313	-56,826759
778,564453	-56,359169
778,808594	-49,380932
779,052734	-50,801842
779,296875	-56,639095
779,541016	-49,961769
779,785156	-47,810482
780,029297	-50,535301
780,273438	-53,425259
780,517578	-47,487854
780,761719	-44,673828
781,005859	-42,826176
781,250000	-44,611134
781,494141	-50,795876
781,738281	-53,177120
781,982422	-50,790092
782,226563	-44,394398
782,470703	-40,322590
782,714844	-38,846188
782,958984	-39,979263
783,203125	-42,818443
783,447266	-49,525871
783,691406	-50,874138
783,935547	-45,694736
784,179688	-42,064140
784,423828	-41,064461
784,667969	-47,815769
784,912109	-48,028210
785,156250	-44,110878
785,400391	-44,139606
785,644531	-44,845753
785,888672	-48,100510
786,132813	-49,881081
786,376953	-42,466145
786,621094	-42,421036
786,865234	-44,531990
787,109375	-45,799603
787,353516	-44,196331
787,597656	-41,801250
787,841797	-47,431339
788,085938	-49,686756
788,330078	-48,869034
788,574219	-47,518871
788,818359	-42,906338
789,062500	-42,469875
789,306641	-45,251770
789,550781	-47,537678
789,794922	-45,383423
790,039063	-47,169128
790,283203	-48,395126
790,527344	-46,890724
790,771484	-48,019032
791,015625	-46,301914
791,259766	-49,781593
791,503906	-45,357540
791,748047	-41,451324
791,992188	-42,449848
792,236328	-49,490414
792,480469	-53,741669
792,724609	-49,264774
792,968750	-46,935291
793,212891	-44,160740
793,457031	-44,586781
793,701172	-43,286114
793,945313	-42,584866
794,189453	-45,983425
794,433594	-43,954071
794,677734	-44,127838
794,921875	-40,862564
795,166016	-44,944019
795,410156	-50,443787
795,654297	-48,362080
795,898438	-44,307083
796,142578	-40,210751
796,386719	-40,374718
796,630859	-42,475349
796,875000	-40,895447
797,119141	-41,410095
797,363281	-43,361565
797,607422	-44,297859
797,851563	-42,801281
798,095703	-46,463562
798,339844	-49,249413
798,583984	-54,390839
798,828125	-56,182735
799,072266	-45,318665
799,316406	-42,592838
799,560547	-43,368923
799,804688	-44,230713
800,048828	-49,442837
800,292969	-45,007862
800,537109	-48,143852
800,781250	-48,007381
801,025391	-47,045380
801,269531	-49,789394
801,513672	-51,504745
801,757813	-49,661503
802,001953	-44,675175
802,246094	-42,522125
802,490234	-45,142628
802,734375	-45,083179
802,978516	-37,346401
803,222656	-35,354824
803,466797	-39,547085
803,710938	-50,479961
803,955078	-41,765110
804,199219	-44,649155
804,443359	-51,530693
804,687500	-46,997574
804,931641	-42,890667
805,175781	-41,435844
805,419922	-42,059914
805,664063	-44,497421
805,908203	-47,442684
806,152344	-44,003605
806,396484	-42,459492
806,640625	-48,717258
806,884766	-40,489601
807,128906	-40,981613
807,373047	-47,775314
807,617188	-44,561752
807,861328	-49,530735
808,105469	-44,864002
808,349609	-49,157516
808,593750	-46,007587
808,837891	-42,018005
809,082031	-45,053600
809,326172	-46,114071
809,570313	-46,795067
809,814453	-55,710060
810,058594	-43,277504
810,302734	-40,735043
810,546875	-42,615131
810,791016	-49,560108
811,035156	-50,432434
811,279297	-42,664375
811,523438	-41,613121
811,767578	-41,631149
812,011719	-38,363934
812,255859	-38,190327
812,500000	-41,630951
812,744141	-44,649719
812,988281	-49,091000
813,232422	-47,529827
813,476563	-41,911179
813,720703	-44,684864
813,964844	-45,934933
814,208984	-46,470169
814,453125	-49,520882
814,697266	-49,752029
814,941406	-52,163960
815,185547	-48,947216
815,429688	-46,113560
815,673828	-49,526398
815,917969	-45,337692
816,162109	-45,552891
816,406250	-42,026699
816,650391	-44,066177
816,894531	-44,057804
817,138672	-45,011452
817,382813	-45,358746
817,626953	-45,233696
817,871094	-42,956581
818,115234	-41,118824
818,359375	-41,719997
818,603516	-42,656593
818,847656	-44,291821
819,091797	-50,057789
819,335938	-46,746429
819,580078	-45,342846
819,824219	-44,805019
820,068359	-46,289165
820,312500	-51,272240
820,556641	-49,845470
820,800781	-49,742577
821,044922	-51,666225
821,289063	-46,022312
821,533203	-48,531811
821,777344	-47,922421
822,021484	-44,980663
822,265625	-48,507710
822,509766	-47,543274
822,753906	-49,299335
822,998047	-51,239891
823,242188	-48,349350
823,486328	-47,462162
823,730469	-46,062233
823,974609	-45,589195
824,218750	-46,103027
824,462891	-47,343906
824,707031	-55,210884
824,951172	-54,292805
825,195313	-49,222683
825,439453	-49,549965
825,683594	-50,484085
825,927734	-43,058857
826,171875	-43,009472
826,416016	-50,969547
826,660156	-52,307415
826,904297	-49,941143
827,148438	-45,706436
827,392578	-43,247787
827,636719	-45,782440
827,880859	-46,872387
828,125000	-47,488091
828,369141	-49,361584
828,613281	-47,234829
828,857422	-45,427841
829,101563	-46,831436
829,345703	-49,687534
829,589844	-48,355583
829,833984	-45,515125
830,078125	-45,917702
830,322266	-42,869846
830,566406	-39,661495
830,810547	-41,744656
831,054688	-41,743721
831,298828	-40,097202
831,542969	-44,212776
831,787109	-53,754723
832,031250	-49,812996
832,275391	-53,297321
832,519531	-47,645267
832,763672	-44,216236
833,007813	-44,342827
833,251953	-48,957760
833,496094	-47,027588
833,740234	-41,178616
833,984375	-42,679634
834,228516	-44,061089
834,472656	-45,452812
834,716797	-47,774567
834,960938	-51,560261
835,205078	-44,506897
835,449219	-41,777416
835,693359	-46,680611
835,937500	-50,187042
836,181641	-47,990971
836,425781	-45,762695
836,669922	-45,777676
836,914063	-50,601513
837,158203	-49,669643
837,402344	-45,488094
837,646484	-43,144035
837,890625	-50,106861
838,134766	-40,296196
838,378906	-42,653255
838,623047	-48,213036
838,867188	-45,150597
839,111328	-48,215565
839,355469	-44,140865
839,599609	-45,799961
839,843750	-44,736729
840,087891	-44,378899
840,332031	-46,203705
840,576172	-44,866100
840,820313	-43,478626
841,064453	-43,514240
841,308594	-46,746593
841,552734	-45,557812
841,796875	-44,934029
842,041016	-49,670254
842,285156	-44,622353
842,529297	-41,850742
842,773438	-43,118481
843,017578	-44,272419
843,261719	-44,464073
843,505859	-45,589870
843,750000	-47,450970
843,994141	-44,310757
844,238281	-43,585510
844,482422	-46,892479
844,726563	-45,025166
844,970703	-45,173439
845,214844	-44,025906
845,458984	-44,401794
845,703125	-41,037685
845,947266	-41,079044
846,191406	-43,317455
846,435547	-42,076542
846,679688	-43,221409
846,923828	-46,973446
847,167969	-49,335281
847,412109	-44,142807
847,656250	-42,949638
847,900391	-47,015717
848,144531	-45,088230
848,388672	-40,900307
848,632813	-42,927444
848,876953	-44,912170
849,121094	-45,708546
849,365234	-47,814198
849,609375	-52,039379
849,853516	-46,350410
850,097656	-50,545502
850,341797	-44,512344
850,585938	-47,793137
850,830078	-42,114429
851,074219	-46,571350
851,318359	-53,215431
851,562500	-49,910496
851,806641	-47,471588
852,050781	-43,417404
852,294922	-42,921253
852,539063	-43,543476
852,783203	-44,207897
853,027344	-45,760815
853,271484	-52,952702
853,515625	-43,200165
853,759766	-44,819683
854,003906	-44,455021
854,248047	-49,832489
854,492188	-51,832458
854,736328	-60,856514
854,980469	-43,992481
855,224609	-39,468735
855,468750	-39,568855
855,712891	-45,408264
855,957031	-45,064053
856,201172	-44,456226
856,445313	-43,807579
856,689453	-43,030205
856,933594	-43,395878
857,177734	-43,360565
857,421875	-42,973495
857,666016	-48,059364
857,910156	-42,749527
858,154297	-44,335773
858,398438	-46,170158
858,642578	-45,706699
858,886719	-44,633121
859,130859	-45,944035
859,375000	-47,779476
859,619141	-50,201519
859,863281	-44,743099
860,107422	-44,015873
860,351563	-49,770126
860,595703	-44,874081
860,839844	-42,843388
861,083984	-46,492115
861,328125	-50,891586
861,572266	-53,055607
861,816406	-47,131195
862,060547	-41,204788
862,304688	-47,414902
862,548828	-48,180946
862,792969	-42,505054
863,037109	-42,998650
863,281250	-51,694153
863,525391	-46,792728
863,769531	-47,799301
864,013672	-46,326439
864,257813	-45,707718
864,501953	-44,756191
864,746094	-43,571949
864,990234	-43,654655
865,234375	-44,441628
865,478516	-44,410961
865,722656	-54,042046
865,966797	-46,619740
866,210938	-48,252449
866,455078	-43,415424
866,699219	-44,639942
866,943359	-57,178677
867,187500	-49,160927
867,431641	-50,671272
867,675781	-47,704754
867,919922	-42,892239
868,164063	-43,265629
868,408203	-45,373699
868,652344	-44,374538
868,896484	-51,905003
869,140625	-47,758934
869,384766	-47,848949
869,628906	-47,512886
869,873047	-52,949078
870,117188	-49,316486
870,361328	-45,797359
870,605469	-43,705173
870,849609	-46,915016
871,093750	-52,069511
871,337891	-52,316807
871,582031	-55,396786
871,826172	-53,078720
872,070313	-53,256439
872,314453	-53,045826
872,558594	-44,819111
872,802734	-44,383022
873,046875	-48,608398
873,291016	-49,716442
873,535156	-52,048901
873,779297	-46,033886
874,023438	-44,400814
874,267578	-47,643265
874,511719	-42,677807
874,755859	-45,165405
875,000000	-48,375687
875,244141	-47,417488
875,488281	-47,267357
875,732422	-50,566353
875,976563	-45,544331
876,220703	-43,793129
876,464844	-48,969246
876,708984	-45,701347
876,953125	-42,549618
877,197266	-46,727310
877,441406	-41,795475
877,685547	-47,804596
877,929688	-44,115993
878,173828	-42,668724
878,417969	-43,427254
878,662109	-44,717972
878,906250	-51,240082
879,150391	-55,669468
879,394531	-49,732788
879,638672	-44,728928
879,882813	-42,551819
880,126953	-45,331535
880,371094	-46,673752
880,615234	-44,852688
880,859375	-44,943600
881,103516	-41,641468
881,347656	-41,267460
881,591797	-46,777885
881,835938	-45,271553
882,080078	-47,677849
882,324219	-43,579407
882,568359	-43,062920
882,812500	-43,637203
883,056641	-46,081558
883,300781	-49,607628
883,544922	-46,134754
883,789063	-42,300800
884,033203	-47,639435
884,277344	-43,591999
884,521484	-46,993935
884,765625	-39,415024
885,009766	-40,631416
885,253906	-39,602913
885,498047	-41,573151
885,742188	-53,122173
885,986328	-50,638744
886,230469	-47,361679
886,474609	-42,935997
886,718750	-45,280529
886,962891	-51,583603
887,207031	-46,720673
887,451172	-41,309280
887,695313	-40,977814
887,939453	-55,926559
888,183594	-49,078163
888,427734	-53,987713
888,671875	-48,061062
888,916016	-45,247341
889,160156	-43,357437
889,404297	-43,976437
889,648438	-47,339092
889,892578	-42,596062
890,136719	-45,846794
890,380859	-45,233360
890,625000	-43,605015
890,869141	-42,620255
891,113281	-42,782227
891,357422	-47,021248
891,601563	-49,901932
891,845703	-42,733688
892,089844	-38,760773
892,333984	-38,406120
892,578125	-43,672398
892,822266	-48,167210
893,066406	-42,434330
893,310547	-42,687923
893,554688	-41,307320
893,798828	-38,978474
894,042969	-42,905651
894,287109	-47,621887
894,531250	-45,881680
894,775391	-47,740856
895,019531	-54,723297
895,263672	-48,198036
895,507813	-47,753197
895,751953	-53,275555
895,996094	-49,253941
896,240234	-47,053295
896,484375	-44,625282
896,728516	-43,322739
896,972656	-45,811928
897,216797	-47,135128
897,460938	-45,590332
897,705078	-46,629929
897,949219	-45,975903
898,193359	-47,422462
898,437500	-45,953842
898,681641	-43,656281
898,925781	-45,341995
899,169922	-49,475948
899,414063	-49,126129
899,658203	-43,645588
899,902344	-46,574303
900,146484	-46,173767
900,390625	-43,998333
900,634766	-44,519360
900,878906	-45,670261
901,123047	-48,955761
901,367188	-47,109810
901,611328	-46,426369
901,855469	-55,718739
902,099609	-44,697327
902,343750	-51,475845
902,587891	-48,308685
902,832031	-46,968914
903,076172	-45,280827
903,320313	-43,547562
903,564453	-44,756001
903,808594	-44,013191
904,052734	-45,583263
904,296875	-44,505234
904,541016	-45,557747
904,785156	-52,457432
905,029297	-50,228630
905,273438	-44,322029
905,517578	-45,179649
905,761719	-48,265182
906,005859	-47,385883
906,250000	-48,275822
906,494141	-50,279739
906,738281	-47,950214
906,982422	-43,503128
907,226563	-43,640957
907,470703	-51,207767
907,714844	-55,340733
907,958984	-44,543133
908,203125	-46,595760
908,447266	-46,173664
908,691406	-45,972710
908,935547	-48,301704
909,179688	-46,126938
909,423828	-43,912128
909,667969	-45,275604
909,912109	-48,219067
910,156250	-45,041828
910,400391	-46,002583
910,644531	-42,954815
910,888672	-39,531521
911,132813	-40,549778
911,376953	-41,280598
911,621094	-44,997345
911,865234	-49,460106
912,109375	-43,118057
912,353516	-44,457466
912,597656	-45,050476
912,841797	-42,487019
913,085938	-41,898155
913,330078	-39,409470
913,574219	-39,843628
913,818359	-40,766247
914,062500	-45,512615
914,306641	-50,172913
914,550781	-52,367886
914,794922	-58,822414
915,039063	-48,736008
915,283203	-51,113686
915,527344	-40,679562
915,771484	-43,148663
916,015625	-45,100830
916,259766	-46,685009
916,503906	-53,577393
916,748047	-47,293659
916,992188	-44,405682
917,236328	-44,762691
917,480469	-48,636971
917,724609	-49,773838
917,968750	-47,463795
918,212891	-48,895523
918,457031	-48,899445
918,701172	-44,074078
918,945313	-40,204342
919,189453	-47,975742
919,433594	-46,492153
919,677734	-47,727482
919,921875	-49,885223
920,166016	-43,247517
920,410156	-45,737888
920,654297	-47,453365
920,898438	-43,827503
921,142578	-45,691692
921,386719	-50,853134
921,630859	-52,200123
921,875000	-44,907425
922,119141	-45,431561
922,363281	-47,694950
922,607422	-46,748405
922,851563	-45,816330
923,095703	-49,811111
923,339844	-53,580288
923,583984	-48,655239
923,828125	-47,544361
924,072266	-42,263466
924,316406	-45,116173
924,560547	-46,718231
924,804688	-46,577564
925,048828	-52,357098
925,292969	-44,857620
925,537109	-42,332596
925,781250	-40,919548
926,025391	-43,791981
926,269531	-45,591930
926,513672	-46,674019
926,757813	-45,836067
927,001953	-46,441677
927,246094	-51,683903
927,490234	-44,972958
927,734375	-41,907532
927,978516	-43,826981
928,222656	-45,014076
928,466797	-47,193504
928,710938	-49,294048
928,955078	-45,500698
929,199219	-45,245880
929,443359	-42,312511
929,687500	-42,555157
929,931641	-49,047600
930,175781	-44,655548
930,419922	-42,802612
930,664063	-46,263374
930,908203	-44,186699
931,152344	-43,458206
931,396484	-46,998726
931,640625	-45,868385
931,884766	-45,110661
932,128906	-44,439884
932,373047	-47,632149
932,617188	-45,222687
932,861328	-43,596870
933,105469	-45,790680
933,349609	-47,477734
933,593750	-46,984848
933,837891	-47,175667
934,082031	-46,993866
934,326172	-51,932644
934,570313	-46,028320
934,814453	-48,299809
935,058594	-46,513905
935,302734	-44,861729
935,546875	-44,430046
935,791016	-47,625469
936,035156	-46,825493
936,279297	-48,413490
936,523438	-50,424809
936,767578	-49,650608
937,011719	-44,263306
937,255859	-43,657452
937,500000	-44,031151
937,744141	-44,703419
937,988281	-44,710396
938,232422	-49,255875
938,476563	-48,411385
938,720703	-45,155739
938,964844	-44,278271
939,208984	-44,692707
939,453125	-43,690430
939,697266	-42,994926
939,941406	-44,181446
940,185547	-44,010925
940,429688	-44,279217
940,673828	-42,966591
940,917969	-41,178856
941,162109	-42,918957
941,406250	-43,131409
941,650391	-44,614441
941,894531	-49,279392
942,138672	-52,225887
942,382813	-55,887856
942,626953	-52,418549
942,871094	-51,447086
943,115234	-51,513092
943,359375	-49,467533
943,603516	-50,860390
943,847656	-48,974201
944,091797	-48,287189
944,335938	-52,152042
944,580078	-51,424442
944,824219	-53,729897
945,068359	-47,149944
945,312500	-50,611198
945,556641	-47,684193
945,800781	-46,867947
946,044922	-47,115620
946,289063	-47,092918
946,533203	-48,025677
946,777344	-46,737625
947,021484	-46,555195
947,265625	-59,535927
947,509766	-48,145756
947,753906	-47,423004
947,998047	-45,344883
948,242188	-47,357227
948,486328	-49,974930
948,730469	-45,941120
948,974609	-45,473358
949,218750	-54,231052
949,462891	-55,207554
949,707031	-50,619625
949,951172	-48,135487
950,195313	-48,562256
950,439453	-50,871487
950,683594	-47,535610
950,927734	-47,663387
951,171875	-49,005474
951,416016	-48,363884
951,660156	-47,523369
951,904297	-45,879448
952,148438	-52,002846
952,392578	-51,211605
952,636719	-48,771954
952,880859	-52,758888
953,125000	-56,041786
953,369141	-49,090996
953,613281	-43,572903
953,857422	-43,657299
954,101563	-45,448505
954,345703	-46,615749
954,589844	-48,455025
954,833984	-48,830616
955,078125	-48,165794
955,322266	-51,380623
955,566406	-53,957016
955,810547	-53,596668
956,054688	-49,251362
956,298828	-49,172054
956,542969	-53,062439
956,787109	-48,066326
957,031250	-49,242336
957,275391	-55,797756
957,519531	-54,326138
957,763672	-51,220306
958,007813	-48,276672
958,251953	-50,523651
958,496094	-47,400696
958,740234	-47,206181
958,984375	-48,595871
959,228516	-49,620502
959,472656	-52,894100
959,716797	-56,528900
959,960938	-51,884972
960,205078	-47,938763
960,449219	-47,149166
960,693359	-45,251766
960,937500	-46,161781
961,181641	-48,411282
961,425781	-52,309513
961,669922	-51,783661
961,914063	-52,769558
962,158203	-50,003635
962,402344	-50,400803
962,646484	-51,194134
962,890625	-48,944248
963,134766	-51,598057
963,378906	-51,620693
963,623047	-50,143036
963,867188	-47,729012
964,111328	-49,636944
964,355469	-55,501076
964,599609	-55,295914
964,843750	-54,469456
965,087891	-50,901077
965,332031	-52,346298
965,576172	-57,626369
965,820313	-56,841171
966,064453	-52,038441
966,308594	-47,796761
966,552734	-51,741745
966,796875	-52,100071
967,041016	-49,101776
967,285156	-50,584045
967,529297	-52,915657
967,773438	-52,250370
968,017578	-52,917721
968,261719	-53,145416
968,505859	-58,194359
968,750000	-56,092617
968,994141	-53,912346
969,238281	-49,919113
969,482422	-48,499798
969,726563	-50,885998
969,970703	-56,605652
970,214844	-51,599350
970,458984	-48,644394
970,703125	-53,348152
970,947266	-49,346184
971,191406	-47,460312
971,435547	-50,585373
971,679688	-59,904514
971,923828	-55,850224
972,167969	-51,238697
972,412109	-49,903679
972,656250	-53,370621
972,900391	-49,069286
973,144531	-50,271214
973,388672	-52,858437
973,632813	-53,828732
973,876953	-58,626480
974,121094	-56,522552
974,365234	-50,968910
974,609375	-52,937321
974,853516	-48,803547
975,097656	-47,094921
975,341797	-50,424316
975,585938	-53,166183
975,830078	-49,793179
976,074219	-51,804966
976,318359	-53,065998
976,562500	-52,592899
976,806641	-58,400852
977,050781	-59,727810
977,294922	-53,919941
977,539063	-52,948624
977,783203	-51,504250
978,027344	-52,485527
978,271484	-55,476170
978,515625	-57,217182
978,759766	-61,022781
979,003906	-58,026703
979,248047	-59,655605
979,492188	-55,995167
979,736328	-59,002934
979,980469	-59,129314
980,224609	-53,431007
980,468750	-54,735577
980,712891	-55,702995
980,957031	-53,239479
981,201172	-51,013206
981,445313	-51,104370
981,689453	-52,572582
981,933594	-54,473106
982,177734	-54,651405
982,421875	-54,491879
982,666016	-54,141781
982,910156	-55,677513
983,154297	-55,402267
983,398438	-54,244797
983,642578	-56,556187
983,886719	-52,211456
984,130859	-53,955967
984,375000	-55,145996
984,619141	-55,095242
984,863281	-55,637249
985,107422	-58,069618
985,351563	-53,825268
985,595703	-57,742008
985,839844	-54,367863
986,083984	-58,138496
986,328125	-54,676876
986,572266	-52,063259
986,816406	-55,298031
987,060547	-61,254772
987,304688	-55,377686
987,548828	-54,198227
987,792969	-56,858536
988,037109	-56,126617
988,281250	-54,836720
988,525391	-59,356102
988,769531	-55,665615
989,013672	-53,264107
989,257813	-64,097359
989,501953	-55,101482
989,746094	-51,024036
989,990234	-54,470215
990,234375	-53,066269
990,478516	-58,045849
990,722656	-64,512733
990,966797	-60,149666
991,210938	-62,907219
991,455078	-56,316540
991,699219	-64,960541
991,943359	-56,292568
992,187500	-56,855286
992,431641	-58,402672
992,675781	-57,770878
992,919922	-57,174072
993,164063	-54,142883
993,408203	-52,192188
993,652344	-51,293701
993,896484	-53,859959
994,140625	-63,009003
994,384766	-61,926460
994,628906	-60,375938
994,873047	-62,459633
995,117188	-59,050594
995,361328	-60,339355
995,605469	-43,141151
995,849609	-32,074860
996,093750	-33,360207
996,337891	-48,632801
996,582031	-56,728703
996,826172	-56,207829
997,070313	-61,897644
997,314453	-67,190002
997,558594	-59,358925
997,802734	-58,603500
998,046875	-59,959301
998,291016	-57,871948
998,535156	-58,114811
998,779297	-58,437557
999,023438	-70,114929
999,267578	-57,605869
999,511719	-57,875763
999,755859	-59,888363
