Fréquence (Hz)	Niveau (dB)
0,976563	-55,077850
1,953125	-49,248707
2,929688	-46,958858
3,906250	-46,478252
4,882813	-48,214333
5,859375	-48,031200
6,835938	-48,526913
7,812500	-44,607006
8,789063	-41,983536
9,765625	-43,754688
10,742188	-43,530594
11,718750	-46,511963
12,695313	-44,908558
13,671875	-46,005623
14,648438	-48,009003
15,625000	-44,981728
16,601563	-42,437954
17,578125	-43,004490
18,554688	-43,249859
19,531250	-44,826813
20,507813	-44,479748
21,484375	-46,919689
22,460938	-45,447876
23,437500	-44,358601
24,414063	-46,075069
25,390625	-46,296326
26,367188	-44,794746
27,343750	-45,187454
28,320313	-45,855549
29,296875	-45,474781
30,273438	-46,177383
31,250000	-49,940914
32,226563	-48,285984
33,203125	-48,043159
34,179688	-47,237827
35,156250	-46,925930
36,132813	-47,039856
37,109375	-47,897419
38,085938	-46,698109
39,062500	-48,662552
40,039063	-51,418709
41,015625	-53,395985
41,992188	-53,872925
42,968750	-53,768368
43,945313	-54,481899
44,921875	-54,325108
45,898438	-54,433418
46,875000	-55,782444
47,851563	-57,367657
48,828125	-60,752449
49,804688	-63,508644
50,781250	-66,711647
51,757813	-73,771332
52,734375	-70,997833
53,710938	-69,030563
54,687500	-61,598160
55,664063	-57,711666
56,640625	-59,366020
57,617188	-54,989243
58,593750	-51,808117
59,570313	-51,215519
60,546875	-51,811295
61,523438	-50,693760
62,500000	-47,648876
63,476563	-47,814949
64,453125	-48,868443
65,429688	-47,318913
66,406250	-46,812370
67,382813	-44,155228
68,359375	-44,292789
69,335938	-44,463722
70,312500	-41,922188
71,289063	-41,796131
72,265625	-40,886589
73,242188	-40,802715
74,218750	-41,063374
75,195313	-41,353470
76,171875	-39,247608
77,148438	-39,507637
78,125000	-41,462288
79,101563	-39,398380
80,078125	-38,322334
81,054688	-41,103580
82,031250	-39,834335
83,007813	-37,466801
83,984375	-35,758041
84,960938	-34,128281
85,937500	-35,966320
86,914063	-37,125671
87,890625	-36,919556
88,867188	-34,751488
89,843750	-35,261597
90,820313	-35,710258
91,796875	-35,782261
92,773438	-32,970798
93,750000	-33,353043
94,726563	-32,312893
95,703125	-32,151016
96,679688	-34,280464
97,656250	-35,629036
98,632813	-32,667622
99,609375	-31,673447
100,585938	-33,365318
101,562500	-32,493725
102,539063	-31,260614
103,515625	-32,296440
104,492188	-34,536480
105,468750	-33,610989
106,445313	-32,984932
107,421875	-32,466557
108,398438	-33,671623
109,375000	-32,536869
110,351563	-30,694786
111,328125	-33,062717
112,304688	-28,975885
113,281250	-27,663931
114,257813	-29,650518
115,234375	-30,656858
116,210938	-34,415451
117,187500	-33,821228
118,164063	-33,326736
119,140625	-33,757217
120,117188	-31,250845
121,093750	-33,069412
122,070313	-33,152615
123,046875	-30,899376
124,023438	-31,480623
125,000000	-33,167450
125,976563	-31,594847
126,953125	-30,335157
127,929688	-31,425762
128,906250	-31,687851
129,882813	-30,000891
130,859375	-30,517191
131,835938	-31,627459
132,812500	-30,537111
133,789063	-29,613356
134,765625	-29,372448
135,742188	-29,819237
136,718750	-30,776234
137,695313	-32,260719
138,671875	-32,451363
139,648438	-33,205284
140,625000	-31,640217
141,601563	-29,363846
142,578125	-29,592085
143,554688	-30,310032
144,531250	-30,633734
145,507813	-31,057520
146,484375	-31,877375
147,460938	-30,810520
148,437500	-31,562098
149,414063	-31,670305
150,390625	-33,534992
151,367188	-32,751259
152,343750	-28,888128
153,320313	-29,533018
154,296875	-31,449314
155,273438	-32,540249
156,250000	-32,759075
157,226563	-33,010792
158,203125	-32,713409
159,179688	-32,050667
160,156250	-31,423988
161,132813	-31,351393
162,109375	-30,958715
163,085938	-30,661469
164,062500	-33,092388
165,039063	-32,028111
166,015625	-32,869171
166,992188	-33,786343
167,968750	-32,895157
168,945313	-32,764782
169,921875	-33,150085
170,898438	-33,670547
171,875000	-31,179789
172,851563	-31,786074
173,828125	-32,539013
174,804688	-30,416494
175,781250	-31,416956
176,757813	-31,062702
177,734375	-29,883144
178,710938	-30,857357
179,687500	-32,336781
180,664063	-32,020340
181,640625	-33,058369
182,617188	-32,260464
183,593750	-32,171131
184,570313	-32,011749
185,546875	-31,128262
186,523438	-31,340982
187,500000	-31,260502
188,476563	-31,436506
189,453125	-30,429115
190,429688	-28,326086
191,406250	-30,576874
192,382813	-32,069687
193,359375	-32,358040
194,335938	-30,774286
195,312500	-30,875744
196,289063	-31,640448
197,265625	-29,086060
198,242188	-29,483406
199,218750	-20,284590
200,195313	-1,779903
201,171875	0,318890
202,148438	-10,363133
203,125000	-27,559229
204,101563	-33,740265
205,078125	-33,790878
206,054688	-32,111485
207,031250	-34,767002
208,007813	-34,120655
208,984375	-30,475523
209,960938	-30,731440
210,937500	-32,463993
211,914063	-33,037548
212,890625	-31,836662
213,867188	-31,744505
214,843750	-32,502995
215,820313	-33,609962
216,796875	-32,658283
217,773438	-31,565868
218,750000	-30,603113
219,726563	-29,727562
220,703125	-30,113443
221,679688	-31,995882
222,656250	-34,257935
223,632813	-34,586212
224,609375	-32,186153
225,585938	-32,294331
226,562500	-31,070896
227,539063	-31,546434
228,515625	-33,214237
229,492188	-31,330225
230,468750	-29,766884
231,445313	-32,524349
232,421875	-33,286816
233,398438	-33,346062
234,375000	-33,921646
235,351563	-35,003139
236,328125	-32,421371
237,304688	-31,109951
238,281250	-31,527714
239,257813	-31,951872
240,234375	-30,473095
241,210938	-34,645302
242,187500	-35,379444
243,164063	-35,255398
244,140625	-34,645447
245,117188	-33,555836
246,093750	-32,588215
247,070313	-31,117941
248,046875	-30,313221
249,023438	-33,878139
250,000000	-33,357563
250,976563	-32,866745
251,953125	-30,278849
252,929688	-33,134190
253,906250	-35,567276
254,882813	-33,387421
255,859375	-34,822403
256,835938	-33,273232
257,812500	-32,168114
258,789063	-32,697044
259,765625	-31,818594
260,742188	-33,492424
261,718750	-33,321457
262,695313	-31,401543
263,671875	-31,850437
264,648438	-33,837574
265,625000	-33,836380
266,601563	-34,379658
267,578125	-34,725601
268,554688	-34,085197
269,531250	-33,371662
270,507813	-32,426815
271,484375	-31,288752
272,460938	-30,428200
273,437500	-31,904682
274,414063	-33,767933
275,390625	-34,996540
276,367188	-35,867569
277,343750	-33,009567
278,320313	-33,370647
279,296875	-32,747898
280,273438	-32,247002
281,250000	-32,251701
282,226563	-32,606697
283,203125	-33,625866
284,179688	-33,258720
285,156250	-34,095459
286,132813	-32,510815
287,109375	-33,875820
288,085938	-35,411892
289,062500	-34,950954
290,039063	-34,959698
291,015625	-34,335659
291,992188	-35,710758
292,968750	-33,855152
293,945313	-31,632698
294,921875	-33,181244
295,898438	-33,552208
296,875000	-32,557209
297,851563	-31,648474
298,828125	-33,301861
299,804688	-33,196117
300,781250	-31,368032
301,757813	-33,585957
302,734375	-36,342987
303,710938	-36,472328
304,687500	-34,941048
305,664063	-33,469109
306,640625	-34,112274
307,617188	-34,309162
308,593750	-35,386272
309,570313	-35,946682
310,546875	-34,135098
311,523438	-31,541269
312,500000	-32,743340
313,476563	-33,476582
314,453125	-34,271999
315,429688	-32,078663
316,406250	-33,254730
317,382813	-34,890453
318,359375	-34,435146
319,335938	-33,903111
320,312500	-34,098503
321,289063	-33,965317
322,265625	-33,007015
323,242188	-35,648869
324,218750	-34,775860
325,195313	-32,512272
326,171875	-33,053883
327,148438	-33,305344
328,125000	-34,430019
329,101563	-34,513016
330,078125	-32,260036
331,054688	-33,317623
332,031250	-36,274136
333,007813	-37,873150
333,984375	-36,496590
334,960938	-35,934765
335,937500	-33,847832
336,914063	-33,145348
337,890625	-31,834505
338,867188	-32,003067
339,843750	-32,353378
340,820313	-32,985443
341,796875	-36,028587
342,773438	-34,179955
343,750000	-33,516277
344,726563	-33,363331
345,703125	-32,829964
346,679688	-32,749313
347,656250	-32,862724
348,632813	-32,848949
349,609375	-34,412083
350,585938	-35,470371
351,562500	-33,288120
352,539063	-32,659603
353,515625	-33,511612
354,492188	-33,545666
355,468750	-35,123299
356,445313	-34,113167
357,421875	-34,409157
358,398438	-33,660343
359,375000	-33,756115
360,351563	-34,161499
361,328125	-33,636860
362,304688	-33,336315
363,281250	-35,120361
364,257813	-37,215546
365,234375	-34,709122
366,210938	-32,495407
367,187500	-32,186550
368,164063	-32,323586
369,140625	-33,198292
370,117188	-34,855221
371,093750	-36,006325
372,070313	-33,774406
373,046875	-32,524284
374,023438	-33,655804
375,000000	-34,576149
375,976563	-32,861629
376,953125	-32,005554
377,929688	-32,592480
378,906250	-34,021027
379,882813	-34,176929
380,859375	-34,095684
381,835938	-34,695538
382,812500	-35,881748
383,789063	-34,157452
384,765625	-32,813801
385,742188	-33,205170
386,718750	-35,559395
387,695313	-35,979984
388,671875	-35,279129
389,648438	-34,009781
390,625000	-34,309921
391,601563	-34,500114
392,578125	-35,452938
393,554688	-36,664444
394,531250	-35,738564
395,507813	-35,391830
396,484375	-34,887871
397,460938	-33,385944
398,437500	-34,888363
399,414063	-33,690224
400,390625	-34,485931
401,367188	-30,312040
402,343750	-30,987196
403,320313	-32,966476
404,296875	-34,175091
405,273438	-35,399231
406,250000	-36,498100
407,226563	-35,128586
408,203125	-34,331417
409,179688	-34,112236
410,156250	-34,917767
411,132813	-35,294842
412,109375	-35,607540
413,085938	-34,780823
414,062500	-35,791492
415,039063	-38,639011
416,015625	-36,893429
416,992188	-36,340199
417,968750	-35,475956
418,945313	-35,352001
419,921875	-34,288963
420,898438	-32,435501
421,875000	-32,746265
422,851563	-31,439035
423,828125	-34,613770
424,804688	-34,267288
425,781250	-35,596443
426,757813	-34,597504
427,734375	-34,690655
428,710938	-34,768929
429,687500	-33,884598
430,664063	-34,839157
431,640625	-35,280739
432,617188	-33,794212
433,593750	-34,499672
434,570313	-35,785774
435,546875	-38,329350
436,523438	-39,240177
437,500000	-34,695690
438,476563	-33,950478
439,453125	-35,014172
440,429688	-34,374672
441,406250	-33,506577
442,382813	-34,604980
443,359375	-37,360115
444,335938	-34,550236
445,312500	-34,388500
446,289063	-35,067364
447,265625	-35,915779
448,242188	-36,240936
449,218750	-34,188442
450,195313	-32,856689
451,171875	-33,608273
452,148438	-35,079121
453,125000	-37,740318
454,101563	-35,267956
455,078125	-36,046257
456,054688	-35,184612
457,031250	-35,554893
458,007813	-34,930000
458,984375	-35,301872
459,960938	-35,277779
460,937500	-37,264774
461,914063	-37,497383
462,890625	-37,033283
463,867188	-36,540913
464,843750	-36,778667
465,820313	-35,561188
466,796875	-34,789345
467,773438	-34,879921
468,750000	-36,657448
469,726563	-38,105476
470,703125	-36,882187
471,679688	-34,831177
472,656250	-37,078175
473,632813	-37,029221
474,609375	-36,379284
475,585938	-38,606632
476,562500	-41,439476
477,539063	-38,778976
478,515625	-38,645775
479,492188	-39,279873
480,468750	-40,115921
481,445313	-41,527981
482,421875	-40,843231
483,398438	-43,980896
484,375000	-43,865871
485,351563	-41,950947
486,328125	-42,210533
487,304688	-43,125942
488,281250	-41,364273
489,257813	-43,424347
490,234375	-45,470676
491,210938	-45,669632
492,187500	-45,574467
493,164063	-46,299114
494,140625	-45,497601
495,117188	-45,825554
496,093750	-46,302910
497,070313	-47,996605
498,046875	-49,653358
499,023438	-48,506355
