Fréquence (Hz)	Niveau (dB)
1,953125	-88,474487
3,906250	-94,118530
5,859375	-101,869865
7,812500	-83,079727
9,765625	-86,013504
11,718750	-90,322350
13,671875	-86,956276
15,625000	-86,819389
17,578125	-85,468613
19,531250	-85,380783
21,484375	-86,301308
23,437500	-83,779114
25,390625	-87,862625
27,343750	-88,519547
29,296875	-97,213371
31,250000	-91,742096
33,203125	-91,041801
35,156250	-86,987091
37,109375	-82,972778
39,062500	-86,391670
41,015625	-98,817856
42,968750	-92,341812
44,921875	-87,502724
46,875000	-96,005615
48,828125	-96,220116
50,781250	-104,238525
52,734375	-111,682076
54,687500	-98,763496
56,640625	-100,761513
58,593750	-94,102364
60,546875	-90,698463
62,500000	-87,377068
64,453125	-90,918777
66,406250	-86,029716
68,359375	-88,034203
70,312500	-87,814369
72,265625	-80,476082
74,218750	-79,407333
76,171875	-79,555809
78,125000	-81,998535
80,078125	-79,805107
82,031250	-75,325256
83,984375	-73,054024
85,937500	-72,735306
87,890625	-75,499985
89,843750	-82,928650
91,796875	-75,613419
93,750000	-74,751747
95,703125	-78,065704
97,656250	-71,739975
99,609375	-66,668831
101,562500	-70,166878
103,515625	-78,979408
105,468750	-74,005951
107,421875	-71,970055
109,375000	-74,322495
111,328125	-66,261642
113,281250	-64,723938
115,234375	-76,034210
117,187500	-73,916161
119,140625	-72,743782
121,093750	-72,483833
123,046875	-67,597084
125,000000	-65,670441
126,953125	-70,385353
128,906250	-71,987190
130,859375	-73,146027
132,812500	-79,054298
134,765625	-70,223450
136,718750	-66,240440
138,671875	-65,671738
140,625000	-68,103935
142,578125	-72,446915
144,531250	-72,726402
146,484375	-81,509796
148,437500	-69,962563
150,390625	-68,491150
152,343750	-67,026428
154,296875	-67,051270
156,250000	-71,644287
158,203125	-88,231369
160,156250	-72,074089
162,109375	-65,725418
164,062500	-62,409641
166,015625	-64,260956
167,968750	-71,786697
169,921875	-73,170837
171,875000	-73,662926
173,828125	-77,008011
175,781250	-71,796692
177,734375	-74,824295
179,687500	-82,140610
181,640625	-81,940651
183,593750	-75,064041
185,546875	-68,588852
187,500000	-72,401619
189,453125	-75,765755
191,406250	-69,918777
193,359375	-67,612953
195,312500	-65,441940
197,265625	-71,724335
199,218750	-71,441711
201,171875	-68,601326
203,125000	-67,989799
205,078125	-64,512566
207,031250	-64,164803
208,984375	-66,971344
210,937500	-70,645760
212,890625	-83,183655
214,843750	-83,050575
216,796875	-79,725021
218,750000	-70,401009
220,703125	-70,004532
222,656250	-76,932236
224,609375	-83,886719
226,562500	-67,884003
228,515625	-66,308495
230,468750	-81,109222
232,421875	-85,660027
234,375000	-68,698074
236,328125	-68,805634
238,281250	-69,927116
240,234375	-70,639313
242,187500	-87,971779
244,140625	-75,879524
246,093750	-70,236618
248,046875	-72,684807
250,000000	-78,937881
251,953125	-70,008186
253,906250	-72,617668
255,859375	-67,508377
257,812500	-66,908119
259,765625	-64,032654
261,718750	-65,731995
263,671875	-68,590981
265,625000	-70,672546
267,578125	-83,551552
269,531250	-75,427147
271,484375	-71,403183
273,437500	-71,686432
275,390625	-70,101540
277,343750	-79,865242
279,296875	-78,323448
281,250000	-70,652740
283,203125	-67,196846
285,156250	-75,296310
287,109375	-77,537575
289,062500	-72,795586
291,015625	-66,759850
292,968750	-67,810013
294,921875	-72,846710
296,875000	-76,683174
298,828125	-68,242134
300,781250	-70,592468
302,734375	-65,312019
304,687500	-65,401665
306,640625	-71,598450
308,593750	-64,537758
310,546875	-63,044636
312,500000	-66,576355
314,453125	-76,713768
316,406250	-65,464844
318,359375	-67,432907
320,312500	-67,143982
322,265625	-60,119534
324,218750	-52,701714
326,171875	-49,166702
328,125000	-48,782459
330,078125	-53,372051
332,031250	-65,110970
333,984375	-62,416405
335,937500	-64,506790
337,890625	-61,512520
339,843750	-66,399353
341,796875	-74,617905
343,750000	-66,295303
345,703125	-68,903526
347,656250	-72,957916
349,609375	-65,752533
351,562500	-72,640411
353,515625	-80,586456
355,468750	-73,373917
357,421875	-69,849533
359,375000	-78,348396
361,328125	-77,345634
363,281250	-79,263306
365,234375	-73,983803
367,187500	-65,320465
369,140625	-71,374184
371,093750	-76,581993
373,046875	-76,174118
375,000000	-69,352509
376,953125	-74,507675
378,906250	-74,489746
380,859375	-75,383255
382,812500	-68,002739
384,765625	-75,133827
386,718750	-72,591637
388,671875	-73,559334
390,625000	-79,464890
392,578125	-75,722054
394,531250	-77,518898
396,484375	-74,054382
398,437500	-69,912735
400,390625	-82,133347
402,343750	-81,468506
404,296875	-85,738319
406,250000	-77,597656
408,203125	-82,484940
410,156250	-77,563789
412,109375	-76,583878
414,062500	-79,339531
416,015625	-76,965683
417,968750	-76,316528
419,921875	-80,579742
421,875000	-73,144958
423,828125	-69,684853
425,781250	-68,562935
427,734375	-70,071838
429,687500	-76,814453
431,640625	-78,739929
433,593750	-72,912132
435,546875	-70,410744
437,500000	-79,031662
439,453125	-81,135269
441,406250	-74,333946
443,359375	-69,471649
445,312500	-77,367867
447,265625	-79,162842
449,218750	-79,149147
451,171875	-76,975517
453,125000	-76,178101
455,078125	-70,167923
457,031250	-70,819359
458,984375	-68,782906
460,937500	-78,659210
462,890625	-74,465439
464,843750	-75,179390
466,796875	-71,130852
468,750000	-76,525841
470,703125	-70,885338
472,656250	-72,239326
474,609375	-72,335609
476,562500	-70,633942
478,515625	-73,553917
480,468750	-95,619141
482,421875	-80,742546
484,375000	-80,289024
486,328125	-76,038475
488,281250	-73,155388
490,234375	-70,447456
492,187500	-67,158905
494,140625	-69,832832
496,093750	-80,823547
498,046875	-84,961014
500,000000	-79,911163
501,953125	-80,186279
503,906250	-75,008934
505,859375	-71,792839
507,812500	-80,107582
509,765625	-68,342316
511,718750	-78,911476
513,671875	-67,685631
515,625000	-70,201454
517,578125	-70,193703
519,531250	-72,675011
521,484375	-76,911201
523,437500	-73,265099
525,390625	-68,942276
527,343750	-71,699394
529,296875	-72,058968
531,250000	-77,462372
533,203125	-74,449059
535,156250	-74,233994
537,109375	-85,372025
539,062500	-86,961319
541,015625	-85,528633
542,968750	-76,799034
544,921875	-73,748825
546,875000	-69,641167
548,828125	-71,835106
550,781250	-86,372185
552,734375	-81,345604
554,687500	-79,301956
556,640625	-80,467018
558,593750	-81,869995
560,546875	-81,773819
562,500000	-77,764641
564,453125	-76,773781
566,406250	-76,490417
568,359375	-76,709137
570,312500	-78,000893
572,265625	-74,147247
574,218750	-76,204155
576,171875	-79,898354
578,125000	-74,344765
580,078125	-73,135590
582,031250	-80,064941
583,984375	-85,874451
585,937500	-79,487320
587,890625	-87,154381
589,843750	-75,802734
591,796875	-82,967377
593,750000	-84,468559
595,703125	-87,100548
597,656250	-77,511093
599,609375	-76,149124
601,562500	-78,080551
603,515625	-74,763962
605,468750	-72,317177
607,421875	-68,910797
609,375000	-70,498276
611,328125	-69,795059
613,281250	-74,451157
615,234375	-78,449875
617,187500	-74,870430
619,140625	-69,964317
621,093750	-76,290085
623,046875	-70,554115
625,000000	-67,506081
626,953125	-67,013145
628,906250	-71,985680
630,859375	-69,670189
632,812500	-72,650932
634,765625	-71,856834
636,718750	-68,845627
638,671875	-68,995766
640,625000	-73,146515
642,578125	-71,622719
644,531250	-60,224812
646,484375	-56,884590
648,437500	-59,973480
650,390625	-62,620487
652,343750	-49,672501
654,296875	-46,529121
656,250000	-46,677292
658,203125	-51,699471
660,156250	-62,864410
662,109375	-54,136684
664,062500	-56,608402
666,015625	-49,349594
667,968750	-51,845798
669,921875	-53,453716
671,875000	-57,266769
673,828125	-57,850494
675,781250	-53,781361
677,734375	-56,984638
679,687500	-64,027046
681,640625	-67,076286
683,593750	-65,196541
685,546875	-66,674187
687,500000	-77,799576
689,453125	-65,026482
691,406250	-81,831665
693,359375	-67,195328
695,312500	-67,913719
697,265625	-80,423622
699,218750	-80,153061
701,171875	-70,714325
703,125000	-78,347054
705,078125	-80,199951
707,031250	-74,752228
708,984375	-76,486107
710,937500	-79,738724
712,890625	-69,775726
714,843750	-75,679611
716,796875	-74,464806
718,750000	-72,884315
720,703125	-81,588615
722,656250	-80,855118
724,609375	-74,077744
726,562500	-71,350014
728,515625	-78,365639
730,468750	-78,659668
732,421875	-81,535126
734,375000	-78,759491
736,328125	-73,015732
738,281250	-73,271774
740,234375	-73,721359
742,187500	-72,013008
744,140625	-70,729523
746,093750	-70,771866
748,046875	-76,603508
750,000000	-84,256927
751,953125	-73,971786
753,906250	-74,955971
755,859375	-80,816307
757,812500	-85,902603
759,765625	-73,787605
761,718750	-72,398468
763,671875	-72,214111
765,625000	-69,763885
767,578125	-71,099678
769,531250	-73,202477
771,484375	-80,886688
773,437500	-77,622505
775,390625	-74,956558
777,343750	-75,286720
779,296875	-71,736099
781,250000	-74,278000
783,203125	-80,578201
785,156250	-72,436302
787,109375	-73,532135
789,062500	-84,876373
791,015625	-76,476761
792,968750	-75,842690
794,921875	-76,559662
796,875000	-73,811096
798,828125	-78,377922
800,781250	-83,404007
802,734375	-77,903610
804,687500	-75,573830
806,640625	-94,643837
808,593750	-74,370071
810,546875	-80,021538
812,500000	-81,328331
814,453125	-72,416428
816,406250	-71,998085
818,359375	-71,273758
820,312500	-72,639664
822,265625	-74,798286
824,218750	-76,078934
826,171875	-79,131523
828,125000	-73,764107
830,078125	-73,172234
832,031250	-78,366005
833,984375	-72,661201
835,937500	-70,596855
837,890625	-69,294243
839,843750	-72,900864
841,796875	-80,758057
843,750000	-82,245338
845,703125	-76,745621
847,656250	-80,680908
849,609375	-76,181831
851,562500	-75,012138
853,515625	-78,274010
855,468750	-69,800735
857,421875	-68,864998
859,375000	-69,182495
861,328125	-76,121315
863,281250	-73,593475
865,234375	-72,699104
867,187500	-84,756248
869,140625	-77,569603
871,093750	-70,984558
873,046875	-75,818611
875,000000	-74,730431
876,953125	-73,460724
878,906250	-73,677330
880,859375	-80,594505
882,812500	-85,382416
884,765625	-75,367867
886,718750	-69,571297
888,671875	-75,191376
890,625000	-78,111351
892,578125	-71,923897
894,531250	-72,619820
896,484375	-92,841553
898,437500	-72,097710
900,390625	-68,313278
902,343750	-78,537376
904,296875	-87,227219
906,250000	-87,487808
908,203125	-81,415535
910,156250	-82,983658
912,109375	-75,874573
914,062500	-78,284409
916,015625	-76,043686
917,968750	-80,656166
919,921875	-75,732445
921,875000	-74,579460
923,828125	-71,850029
925,781250	-73,811348
927,734375	-80,849655
929,687500	-80,994377
931,640625	-79,238503
933,593750	-84,591064
935,546875	-79,361847
937,500000	-78,856445
939,453125	-86,826149
941,406250	-80,399887
943,359375	-71,689224
945,312500	-76,697922
947,265625	-75,959793
949,218750	-74,156647
951,171875	-85,025345
953,125000	-80,855354
955,078125	-87,336624
957,031250	-77,958488
958,984375	-76,243042
960,937500	-82,735344
962,890625	-71,962303
964,843750	-69,043655
966,796875	-72,596405
968,750000	-77,051231
970,703125	-78,808311
972,656250	-73,155579
974,609375	-73,222061
976,562500	-67,992790
978,515625	-69,157379
980,468750	-78,068413
982,421875	-72,258217
984,375000	-70,664742
986,328125	-73,089027
988,281250	-73,713020
990,234375	-69,077370
992,187500	-66,738037
994,140625	-68,951721
996,093750	-69,292297
998,046875	-70,733902
1000,000000	-73,162598
1001,953125	-68,211151
1003,906250	-75,785378
1005,859375	-76,925201
1007,812500	-76,884186
1009,765625	-74,176208
1011,718750	-75,354706
1013,671875	-72,336945
1015,625000	-74,147026
1017,578125	-80,585991
1019,531250	-72,103592
1021,484375	-71,672066
1023,437500	-84,791672
1025,390625	-92,483932
1027,343750	-78,032143
1029,296875	-86,230011
1031,250000	-76,379738
1033,203125	-87,220657
1035,156250	-96,173515
1037,109375	-81,488159
1039,062500	-74,075867
1041,015625	-71,102013
1042,968750	-69,482124
1044,921875	-85,871513
1046,875000	-89,928513
1048,828125	-76,478050
1050,781250	-76,284225
1052,734375	-85,717567
1054,687500	-76,457596
1056,640625	-82,061333
1058,593750	-80,165840
1060,546875	-82,582558
1062,500000	-77,960960
1064,453125	-72,535019
1066,406250	-74,262093
1068,359375	-79,038620
1070,312500	-73,007477
1072,265625	-77,906456
1074,218750	-79,561554
1076,171875	-76,919373
1078,125000	-76,171043
1080,078125	-73,180466
1082,031250	-101,713631
1083,984375	-81,869576
1085,937500	-73,416801
1087,890625	-69,400764
1089,843750	-73,223946
1091,796875	-73,830864
1093,750000	-74,774940
1095,703125	-77,914017
1097,656250	-76,113457
1099,609375	-78,026543
1101,562500	-88,081375
1103,515625	-73,480392
1105,468750	-71,795441
1107,421875	-74,092964
1109,375000	-75,228462
1111,328125	-73,347694
1113,281250	-75,562607
1115,234375	-75,284111
1117,187500	-78,858063
1119,140625	-75,444817
1121,093750	-79,355492
1123,046875	-74,500473
1125,000000	-68,859116
1126,953125	-70,306274
1128,906250	-81,023430
1130,859375	-81,421722
1132,812500	-78,798767
1134,765625	-83,932266
1136,718750	-76,184135
1138,671875	-82,874725
1140,625000	-76,744858
1142,578125	-98,924576
1144,531250	-75,260429
1146,484375	-79,433380
1148,437500	-76,844048
1150,390625	-79,663979
1152,343750	-84,838211
1154,296875	-78,371399
1156,250000	-79,914307
1158,203125	-76,137726
1160,156250	-76,951721
1162,109375	-86,183998
1164,062500	-70,704308
1166,015625	-69,660721
1167,968750	-74,598122
1169,921875	-76,799538
1171,875000	-71,323532
1173,828125	-70,600471
1175,781250	-77,428314
1177,734375	-78,970894
1179,687500	-79,542015
1181,640625	-83,100189
1183,593750	-81,220612
1185,546875	-90,579674
1187,500000	-82,323494
1189,453125	-73,446159
1191,406250	-72,960518
1193,359375	-89,320847
1195,312500	-75,892815
1197,265625	-73,917809
1199,218750	-81,302361
1201,171875	-79,326210
1203,125000	-78,940460
1205,078125	-84,341957
1207,031250	-79,066933
1208,984375	-74,107048
1210,937500	-73,399170
1212,890625	-77,149315
1214,843750	-79,308456
1216,796875	-75,263138
1218,750000	-71,822037
1220,703125	-74,747406
1222,656250	-80,067986
1224,609375	-75,789337
1226,562500	-74,078972
1228,515625	-75,591049
1230,468750	-84,814484
1232,421875	-73,807373
1234,375000	-76,909828
1236,328125	-77,000893
1238,281250	-73,012184
1240,234375	-78,369705
1242,187500	-83,449440
1244,140625	-89,978706
1246,093750	-73,845772
1248,046875	-71,031960
1250,000000	-75,217087
1251,953125	-81,745758
1253,906250	-79,702873
1255,859375	-75,658966
1257,812500	-72,399155
1259,765625	-73,187981
1261,718750	-87,677750
1263,671875	-85,051102
1265,625000	-84,679031
1267,578125	-74,533615
1269,531250	-72,032173
1271,484375	-83,107620
1273,437500	-83,737579
1275,390625	-76,285896
1277,343750	-76,460785
1279,296875	-80,791145
1281,250000	-85,756599
1283,203125	-73,473808
1285,156250	-73,382660
1287,109375	-83,585304
1289,062500	-73,175888
1291,015625	-73,771950
1292,968750	-81,406067
1294,921875	-77,504364
1296,875000	-71,820358
1298,828125	-75,198280
1300,781250	-77,488792
1302,734375	-74,600655
1304,687500	-84,488907
1306,640625	-86,401085
1308,593750	-78,420059
1310,546875	-83,592491
1312,500000	-79,332664
1314,453125	-75,847603
1316,406250	-79,205315
1318,359375	-90,106544
1320,312500	-83,362358
1322,265625	-80,970177
1324,218750	-77,523796
1326,171875	-71,096634
1328,125000	-73,567177
1330,078125	-79,442398
1332,031250	-77,318748
1333,984375	-82,215683
1335,937500	-76,424728
1337,890625	-84,313187
1339,843750	-77,007263
1341,796875	-73,260269
1343,750000	-79,213074
1345,703125	-73,797295
1347,656250	-77,829498
1349,609375	-83,402153
1351,562500	-76,908585
1353,515625	-81,035110
1355,468750	-76,947510
1357,421875	-77,141495
1359,375000	-82,703354
1361,328125	-76,232124
1363,281250	-74,113800
1365,234375	-77,344887
1367,187500	-81,322075
1369,140625	-77,209358
1371,093750	-70,952744
1373,046875	-70,584946
1375,000000	-76,849251
1376,953125	-81,856544
1378,906250	-78,313095
1380,859375	-75,324684
1382,812500	-76,405655
1384,765625	-67,088425
1386,718750	-70,128265
1388,671875	-86,118942
1390,625000	-90,153244
1392,578125	-76,521484
1394,531250	-75,329475
1396,484375	-72,441467
1398,437500	-71,861137
1400,390625	-75,638725
1402,343750	-77,169380
1404,296875	-78,437050
1406,250000	-82,503853
1408,203125	-80,407761
1410,156250	-73,910622
1412,109375	-77,532425
1414,062500	-78,319283
1416,015625	-75,995346
1417,968750	-77,250168
1419,921875	-70,322273
1421,875000	-72,785957
1423,828125	-77,248558
1425,781250	-76,999741
1427,734375	-80,822723
1429,687500	-83,542625
1431,640625	-78,149063
1433,593750	-79,188698
1435,546875	-96,370308
1437,500000	-77,803970
1439,453125	-76,122383
1441,406250	-71,957176
1443,359375	-72,944824
1445,312500	-87,928116
1447,265625	-73,211906
1449,218750	-79,103172
1451,171875	-74,509644
1453,125000	-73,634773
1455,078125	-72,954132
1457,031250	-72,361382
1458,984375	-75,707230
1460,937500	-76,789520
1462,890625	-69,556313
1464,843750	-67,991302
1466,796875	-69,762192
1468,750000	-76,422073
1470,703125	-75,956261
1472,656250	-79,276657
1474,609375	-87,859695
1476,562500	-81,117142
1478,515625	-77,451920
1480,468750	-73,804070
1482,421875	-76,494835
1484,375000	-78,822594
1486,328125	-74,633507
1488,281250	-72,727600
1490,234375	-77,060402
1492,187500	-73,481575
1494,140625	-80,150055
1496,093750	-70,356110
1498,046875	-71,474022
1500,000000	-74,844238
1501,953125	-74,014008
1503,906250	-88,432770
1505,859375	-77,233910
1507,812500	-80,118317
1509,765625	-78,317383
1511,718750	-80,370987
1513,671875	-74,674622
1515,625000	-76,276123
1517,578125	-75,923157
1519,531250	-79,523552
1521,484375	-78,668404
1523,437500	-74,929001
1525,390625	-76,523933
1527,343750	-78,431625
1529,296875	-76,939331
1531,250000	-75,462997
1533,203125	-77,392281
1535,156250	-77,265984
1537,109375	-76,683342
1539,062500	-72,495499
1541,015625	-72,231575
1542,968750	-77,593071
1544,921875	-95,298096
1546,875000	-87,444229
1548,828125	-80,947258
1550,781250	-72,656868
1552,734375	-74,823753
1554,687500	-81,797142
1556,640625	-75,877548
1558,593750	-71,774628
1560,546875	-79,420784
1562,500000	-77,729790
1564,453125	-79,044434
1566,406250	-81,738914
1568,359375	-78,616714
1570,312500	-71,331497
1572,265625	-70,648033
1574,218750	-75,916512
1576,171875	-80,308876
1578,125000	-72,548241
1580,078125	-72,673897
1582,031250	-75,827576
1583,984375	-72,607101
1585,937500	-73,598511
1587,890625	-75,197975
1589,843750	-79,090553
1591,796875	-74,907951
1593,750000	-81,435402
1595,703125	-83,300583
1597,656250	-74,963730
1599,609375	-70,111107
1601,562500	-72,158401
1603,515625	-79,072906
1605,468750	-73,328445
1607,421875	-71,187164
1609,375000	-73,601143
1611,328125	-74,959381
1613,281250	-77,838638
1615,234375	-73,420570
1617,187500	-81,994698
1619,140625	-81,680878
1621,093750	-75,034973
1623,046875	-79,075798
1625,000000	-66,332352
1626,953125	-68,575943
1628,906250	-77,759102
1630,859375	-72,651642
1632,812500	-76,607323
1634,765625	-69,972069
1636,718750	-72,496109
1638,671875	-71,739876
1640,625000	-76,462601
1642,578125	-78,753799
1644,531250	-87,986099
1646,484375	-81,052002
1648,437500	-80,839149
1650,390625	-72,087280
1652,343750	-76,969353
1654,296875	-75,775459
1656,250000	-76,160416
1658,203125	-77,676079
1660,156250	-69,590210
1662,109375	-76,640373
1664,062500	-73,182480
1666,015625	-77,582458
1667,968750	-88,984016
1669,921875	-80,899651
1671,875000	-77,419510
1673,828125	-77,844246
1675,781250	-77,361115
1677,734375	-74,316589
1679,687500	-71,977745
1681,640625	-82,421257
1683,593750	-77,369461
1685,546875	-76,748787
1687,500000	-84,604706
1689,453125	-80,672028
1691,406250	-85,915352
1693,359375	-72,718033
1695,312500	-75,810211
1697,265625	-73,358292
1699,218750	-72,389854
1701,171875	-74,822159
1703,125000	-76,505379
1705,078125	-70,148445
1707,031250	-81,526215
1708,984375	-74,057266
1710,937500	-73,244202
1712,890625	-72,729530
1714,843750	-72,182587
1716,796875	-75,153244
1718,750000	-76,216408
1720,703125	-76,856453
1722,656250	-70,962662
1724,609375	-73,606163
1726,562500	-86,952721
1728,515625	-75,963623
1730,468750	-73,423271
1732,421875	-84,014931
1734,375000	-86,370956
1736,328125	-83,977913
1738,281250	-81,156372
1740,234375	-78,537483
1742,187500	-94,122856
1744,140625	-88,269112
1746,093750	-75,163475
1748,046875	-71,714951
1750,000000	-74,194710
1751,953125	-81,004822
1753,906250	-77,403152
1755,859375	-74,776093
1757,812500	-79,453094
1759,765625	-81,400711
1761,718750	-74,700905
1763,671875	-71,253990
1765,625000	-73,191719
1767,578125	-72,647163
1769,531250	-74,074440
1771,484375	-71,400955
1773,437500	-67,801285
1775,390625	-67,611107
1777,343750	-75,638756
1779,296875	-75,312469
1781,250000	-76,545120
1783,203125	-88,853867
1785,156250	-74,767853
1787,109375	-72,542603
1789,062500	-72,828239
1791,015625	-73,126335
1792,968750	-75,130287
1794,921875	-86,967545
1796,875000	-85,168648
1798,828125	-80,384949
1800,781250	-72,172745
1802,734375	-72,755730
1804,687500	-82,892448
1806,640625	-80,988052
1808,593750	-86,844284
1810,546875	-80,708839
1812,500000	-81,724075
1814,453125	-78,476662
1816,406250	-75,475906
1818,359375	-78,920296
1820,312500	-80,889519
1822,265625	-80,066963
1824,218750	-86,285713
1826,171875	-85,067558
1828,125000	-83,138321
1830,078125	-77,143753
1832,031250	-80,515572
1833,984375	-85,510307
1835,937500	-76,120918
1837,890625	-78,916283
1839,843750	-83,471924
1841,796875	-77,773460
1843,750000	-76,938652
1845,703125	-76,094002
1847,656250	-84,103333
1849,609375	-79,872681
1851,562500	-81,114655
1853,515625	-75,359840
1855,468750	-71,054489
1857,421875	-79,829765
1859,375000	-93,993950
1861,328125	-81,888451
1863,281250	-86,947090
1865,234375	-79,331337
1867,187500	-72,612869
1869,140625	-78,622917
1871,093750	-94,308830
1873,046875	-84,791420
1875,000000	-79,016167
1876,953125	-79,197266
1878,906250	-95,445068
1880,859375	-81,064972
1882,812500	-82,342148
1884,765625	-80,638634
1886,718750	-76,043770
1888,671875	-80,746010
1890,625000	-82,556221
1892,578125	-87,271904
1894,531250	-78,684258
1896,484375	-85,129013
1898,437500	-85,023270
1900,390625	-73,315811
1902,343750	-70,463562
1904,296875	-68,877777
1906,250000	-68,335808
1908,203125	-71,987938
1910,156250	-68,295387
1912,109375	-73,405533
1914,062500	-71,825340
1916,015625	-70,285019
1917,968750	-72,595695
1919,921875	-75,400932
1921,875000	-74,906227
1923,828125	-75,409920
1925,781250	-76,286621
1927,734375	-76,611839
1929,687500	-79,430428
1931,640625	-82,931297
1933,593750	-82,978500
1935,546875	-85,980644
1937,500000	-89,046089
1939,453125	-81,206848
1941,406250	-72,843712
1943,359375	-70,293381
1945,312500	-70,973114
1947,265625	-80,748123
1949,218750	-73,228256
1951,171875	-74,376205
1953,125000	-73,654419
1955,078125	-75,793587
1957,031250	-71,761467
1958,984375	-77,780029
1960,937500	-78,479111
1962,890625	-71,553322
1964,843750	-75,077835
1966,796875	-70,198746
1968,750000	-73,821274
1970,703125	-90,497200
1972,656250	-71,759125
1974,609375	-74,566216
1976,562500	-77,387810
1978,515625	-73,517311
1980,468750	-92,055664
1982,421875	-67,824127
1984,375000	-75,467674
1986,328125	-74,615036
1988,281250	-70,072533
1990,234375	-82,270699
1992,187500	-68,149002
1994,140625	-87,982964
1996,093750	-67,655785
1998,046875	-83,437561
2000,000000	-75,700546
2001,953125	-74,350395
2003,906250	-86,203209
2005,859375	-69,756332
2007,812500	-74,856613
2009,765625	-75,051140
2011,718750	-81,298996
2013,671875	-82,222778
2015,625000	-86,768867
2017,578125	-76,233124
2019,531250	-75,295464
2021,484375	-78,960648
2023,437500	-83,529236
2025,390625	-76,447601
2027,343750	-78,722450
2029,296875	-75,990898
2031,250000	-85,966583
2033,203125	-86,083946
2035,156250	-77,081062
2037,109375	-81,508659
2039,062500	-88,968109
2041,015625	-80,947556
2042,968750	-79,093147
2044,921875	-81,578003
2046,875000	-75,575172
2048,828125	-72,005806
2050,781250	-76,089058
2052,734375	-101,237228
2054,687500	-74,759689
2056,640625	-83,944679
2058,593750	-78,923401
2060,546875	-75,894524
2062,500000	-75,194847
2064,453125	-72,944847
2066,406250	-69,857536
2068,359375	-72,381538
2070,312500	-80,589691
2072,265625	-85,645424
2074,218750	-94,147003
2076,171875	-90,360001
2078,125000	-88,113274
2080,078125	-93,713669
2082,031250	-79,994347
2083,984375	-88,544586
2085,937500	-80,198669
2087,890625	-76,143295
2089,843750	-75,907272
2091,796875	-77,577026
2093,750000	-78,449265
2095,703125	-71,537514
2097,656250	-73,112236
2099,609375	-77,075562
2101,562500	-73,150711
2103,515625	-84,995712
2105,468750	-81,765991
2107,421875	-81,887962
2109,375000	-75,008827
2111,328125	-74,731812
2113,281250	-107,208275
2115,234375	-85,186897
2117,187500	-69,596054
2119,140625	-73,318756
2121,093750	-96,309540
2123,046875	-72,116058
2125,000000	-67,083237
2126,953125	-87,075111
2128,906250	-71,045044
2130,859375	-96,249451
2132,812500	-78,691185
2134,765625	-89,062767
2136,718750	-82,962608
2138,671875	-81,797379
2140,625000	-73,554565
2142,578125	-73,691376
2144,531250	-77,071800
2146,484375	-88,670059
2148,437500	-82,058487
2150,390625	-73,288895
2152,343750	-75,461052
2154,296875	-85,037819
2156,250000	-88,215599
2158,203125	-79,764427
2160,156250	-88,691505
2162,109375	-72,994301
2164,062500	-73,399895
2166,015625	-72,871872
2167,968750	-70,359642
2169,921875	-80,487518
2171,875000	-76,343407
2173,828125	-82,685013
2175,781250	-90,211426
2177,734375	-76,225998
2179,687500	-79,476570
2181,640625	-78,673058
2183,593750	-86,172798
2185,546875	-78,780075
2187,500000	-77,761932
2189,453125	-81,077293
2191,406250	-85,827469
2193,359375	-81,759705
2195,312500	-81,661232
2197,265625	-82,768616
2199,218750	-93,284996
2201,171875	-79,781288
2203,125000	-78,342255
2205,078125	-76,372284
2207,031250	-84,703453
2208,984375	-82,404427
2210,937500	-79,950676
2212,890625	-81,405128
2214,843750	-85,601929
2216,796875	-80,736694
2218,750000	-86,950638
2220,703125	-85,939682
2222,656250	-82,151024
2224,609375	-78,262817
2226,562500	-73,755630
2228,515625	-71,370430
2230,468750	-89,980774
2232,421875	-77,284630
2234,375000	-80,989510
2236,328125	-76,906311
2238,281250	-74,340446
2240,234375	-74,123192
2242,187500	-79,830544
2244,140625	-77,434029
2246,093750	-79,175011
2248,046875	-76,117012
2250,000000	-84,894669
2251,953125	-75,361168
2253,906250	-73,094635
2255,859375	-75,234703
2257,812500	-76,899406
2259,765625	-72,829315
2261,718750	-71,819519
2263,671875	-75,713661
2265,625000	-82,820061
2267,578125	-85,333710
2269,531250	-84,856621
2271,484375	-75,957642
2273,437500	-74,823967
2275,390625	-76,883980
2277,343750	-77,967804
2279,296875	-76,489494
2281,250000	-74,387787
2283,203125	-78,241882
2285,156250	-79,801346
2287,109375	-80,288506
2289,062500	-82,155251
2291,015625	-83,756203
2292,968750	-76,286728
2294,921875	-77,762680
2296,875000	-72,902153
2298,828125	-77,537781
2300,781250	-82,082115
2302,734375	-77,247154
2304,687500	-78,281296
2306,640625	-80,108398
2308,593750	-80,147186
2310,546875	-79,876915
2312,500000	-82,883057
2314,453125	-78,517776
2316,406250	-85,773315
2318,359375	-76,760216
2320,312500	-77,101921
2322,265625	-87,326691
2324,218750	-76,551361
2326,171875	-75,882782
2328,125000	-79,631248
2330,078125	-79,623169
2332,031250	-74,820457
2333,984375	-77,518814
2335,937500	-82,442230
2337,890625	-74,856079
2339,843750	-76,778191
2341,796875	-82,949821
2343,750000	-80,148911
2345,703125	-79,637695
2347,656250	-80,444199
2349,609375	-77,963005
2351,562500	-87,192558
2353,515625	-80,342049
2355,468750	-83,129158
2357,421875	-91,218842
2359,375000	-87,750595
2361,328125	-79,791374
2363,281250	-87,248756
2365,234375	-83,546768
2367,187500	-82,283150
2369,140625	-80,970131
2371,093750	-88,471848
2373,046875	-81,294617
2375,000000	-75,570320
2376,953125	-75,914200
2378,906250	-76,078194
2380,859375	-83,276649
2382,812500	-78,599808
2384,765625	-83,944946
2386,718750	-76,505096
2388,671875	-80,599464
2390,625000	-82,791428
2392,578125	-76,316330
2394,531250	-76,612167
2396,484375	-79,745483
2398,437500	-86,152122
2400,390625	-80,133255
2402,343750	-83,723114
2404,296875	-88,919571
2406,250000	-87,097183
2408,203125	-77,785713
2410,156250	-77,354149
2412,109375	-91,626755
2414,062500	-82,633842
2416,015625	-79,315155
2417,968750	-78,805328
2419,921875	-81,068474
2421,875000	-78,919418
2423,828125	-81,298149
2425,781250	-76,129234
2427,734375	-80,497360
2429,687500	-86,595444
2431,640625	-83,358238
2433,593750	-84,462166
2435,546875	-82,590309
2437,500000	-75,810654
2439,453125	-73,567024
2441,406250	-82,490517
2443,359375	-79,533607
2445,312500	-76,018265
2447,265625	-79,164070
2449,218750	-80,894104
2451,171875	-78,082108
2453,125000	-76,745415
2455,078125	-72,916389
2457,031250	-72,930214
2458,984375	-78,836990
2460,937500	-73,873787
2462,890625	-72,724510
2464,843750	-73,241402
2466,796875	-75,289146
2468,750000	-84,115036
2470,703125	-96,943703
2472,656250	-75,599152
2474,609375	-74,683899
2476,562500	-76,791245
2478,515625	-76,130730
2480,468750	-74,838326
2482,421875	-76,008163
2484,375000	-88,455963
2486,328125	-81,166519
2488,281250	-85,423553
2490,234375	-92,279198
2492,187500	-78,949860
2494,140625	-78,489220
2496,093750	-74,309006
2498,046875	-75,640182
2500,000000	-83,560944
2501,953125	-77,491005
2503,906250	-74,103531
2505,859375	-80,240372
2507,812500	-85,126480
2509,765625	-90,431625
2511,718750	-77,000175
2513,671875	-80,408226
2515,625000	-86,239342
2517,578125	-76,347527
2519,531250	-80,834572
2521,484375	-85,007759
2523,437500	-81,913231
2525,390625	-79,883842
2527,343750	-80,012878
2529,296875	-98,241348
2531,250000	-84,744820
2533,203125	-82,889824
2535,156250	-108,447639
2537,109375	-83,923157
2539,062500	-78,916100
2541,015625	-75,410759
2542,968750	-76,318314
2544,921875	-81,388321
2546,875000	-97,226555
2548,828125	-84,238083
2550,781250	-81,202988
2552,734375	-83,317200
2554,687500	-80,947006
2556,640625	-85,648216
2558,593750	-77,636307
2560,546875	-73,111267
2562,500000	-71,938492
2564,453125	-88,286377
2566,406250	-74,960960
2568,359375	-81,198257
2570,312500	-79,160912
2572,265625	-76,905159
2574,218750	-76,051651
2576,171875	-80,781555
2578,125000	-76,462593
2580,078125	-84,902924
2582,031250	-81,274925
2583,984375	-76,613434
2585,937500	-79,001511
2587,890625	-80,427078
2589,843750	-81,739143
2591,796875	-78,086472
2593,750000	-79,784523
2595,703125	-80,218933
2597,656250	-91,404205
2599,609375	-73,642128
2601,562500	-73,497955
2603,515625	-84,411522
2605,468750	-92,614067
2607,421875	-96,934883
2609,375000	-80,139809
2611,328125	-79,687271
2613,281250	-78,017723
2615,234375	-77,309082
2617,187500	-84,616600
2619,140625	-86,283279
2621,093750	-81,248833
2623,046875	-77,886482
2625,000000	-80,875038
2626,953125	-74,221237
2628,906250	-82,122398
2630,859375	-75,021400
2632,812500	-73,966354
2634,765625	-104,182793
2636,718750	-77,299591
2638,671875	-74,643883
2640,625000	-72,252838
2642,578125	-79,338951
2644,531250	-75,450294
2646,484375	-74,260063
2648,437500	-81,079575
2650,390625	-74,469025
2652,343750	-77,841896
2654,296875	-74,174095
2656,250000	-82,890724
2658,203125	-83,061325
2660,156250	-76,406670
2662,109375	-76,779366
2664,062500	-86,204071
2666,015625	-74,165787
2667,968750	-89,623337
2669,921875	-72,589539
2671,875000	-71,843933
2673,828125	-77,118500
2675,781250	-78,344795
2677,734375	-88,297905
2679,687500	-81,324265
2681,640625	-76,942879
2683,593750	-76,993950
2685,546875	-83,696770
2687,500000	-76,382843
2689,453125	-75,479744
2691,406250	-77,227425
2693,359375	-100,741852
2695,312500	-76,050293
2697,265625	-76,973312
2699,218750	-76,539810
2701,171875	-75,282364
2703,125000	-85,951599
2705,078125	-79,504776
2707,031250	-81,935844
2708,984375	-79,836739
2710,937500	-74,831215
2712,890625	-78,983810
2714,843750	-80,853737
2716,796875	-85,564240
2718,750000	-75,228462
2720,703125	-72,764580
2722,656250	-77,225166
2724,609375	-78,153481
2726,562500	-78,202087
2728,515625	-75,683823
2730,468750	-75,725151
2732,421875	-77,134903
2734,375000	-79,534843
2736,328125	-77,387138
2738,281250	-74,028969
2740,234375	-75,953262
2742,187500	-79,525780
2744,140625	-81,212715
2746,093750	-74,126404
2748,046875	-76,270706
2750,000000	-78,739471
2751,953125	-75,958237
2753,906250	-75,581337
2755,859375	-77,026047
2757,812500	-77,790009
2759,765625	-72,322548
2761,718750	-75,874458
2763,671875	-79,415985
2765,625000	-79,698990
2767,578125	-85,813683
2769,531250	-91,446907
2771,484375	-99,451286
2773,437500	-86,797745
2775,390625	-89,727165
2777,343750	-83,667999
2779,296875	-95,987877
2781,250000	-87,432526
2783,203125	-85,042923
2785,156250	-80,785225
2787,109375	-81,011887
2789,062500	-75,759476
2791,015625	-72,482452
2792,968750	-76,584290
2794,921875	-75,960526
2796,875000	-73,898285
2798,828125	-75,412163
2800,781250	-83,353172
2802,734375	-78,035904
2804,687500	-79,656044
2806,640625	-82,000015
2808,593750	-81,304024
2810,546875	-75,804832
2812,500000	-72,889893
2814,453125	-81,071793
2816,406250	-79,986259
2818,359375	-75,675789
2820,312500	-76,970200
2822,265625	-75,926338
2824,218750	-73,585075
2826,171875	-75,906212
2828,125000	-85,975685
2830,078125	-82,243408
2832,031250	-77,103271
2833,984375	-79,871758
2835,937500	-83,471130
2837,890625	-76,532730
2839,843750	-75,746948
2841,796875	-72,409866
2843,750000	-71,599678
2845,703125	-80,932961
2847,656250	-79,517914
2849,609375	-76,870750
2851,562500	-83,836853
2853,515625	-83,128853
2855,468750	-86,125069
2857,421875	-77,440979
2859,375000	-80,011055
2861,328125	-80,937927
2863,281250	-73,193924
2865,234375	-76,486275
2867,187500	-82,330383
2869,140625	-78,715591
2871,093750	-87,668205
2873,046875	-72,070930
2875,000000	-68,932602
2876,953125	-72,816338
2878,906250	-76,528648
2880,859375	-78,989700
2882,812500	-81,687035
2884,765625	-78,980614
2886,718750	-83,110878
2888,671875	-84,107513
2890,625000	-100,455521
2892,578125	-86,294151
2894,531250	-76,547295
2896,484375	-72,679230
2898,437500	-73,720398
2900,390625	-77,866776
2902,343750	-82,885399
2904,296875	-74,501236
2906,250000	-87,679138
2908,203125	-73,397995
2910,156250	-74,711403
2912,109375	-76,839828
2914,062500	-77,469452
2916,015625	-80,559097
2917,968750	-80,089607
2919,921875	-75,693039
2921,875000	-80,087097
2923,828125	-81,986832
2925,781250	-76,094261
2927,734375	-77,359154
2929,687500	-79,362480
2931,640625	-79,092331
2933,593750	-80,044601
2935,546875	-81,653687
2937,500000	-79,390846
2939,453125	-89,238007
2941,406250	-78,520920
2943,359375	-79,420601
2945,312500	-82,472359
2947,265625	-78,201019
2949,218750	-95,342377
2951,171875	-73,366158
2953,125000	-74,766937
2955,078125	-84,751808
2957,031250	-78,086998
2958,984375	-78,101974
2960,937500	-87,185974
2962,890625	-89,864815
2964,843750	-91,467529
2966,796875	-78,904015
2968,750000	-73,961975
2970,703125	-73,546303
2972,656250	-75,276672
2974,609375	-79,249947
2976,562500	-84,508537
2978,515625	-74,025276
2980,468750	-72,293823
2982,421875	-76,186584
2984,375000	-76,487930
2986,328125	-79,295547
2988,281250	-82,005417
2990,234375	-86,896271
2992,187500	-77,997421
2994,140625	-83,694710
2996,093750	-84,574898
2998,046875	-80,083435
3000,000000	-72,592308
3001,953125	-77,922600
3003,906250	-84,671936
3005,859375	-81,547112
3007,812500	-80,289429
3009,765625	-77,802505
3011,718750	-80,016403
3013,671875	-79,977577
3015,625000	-87,107117
3017,578125	-87,482201
3019,531250	-84,891281
3021,484375	-74,287247
3023,437500	-80,677910
3025,390625	-87,686958
3027,343750	-83,252220
3029,296875	-78,507256
3031,250000	-80,337608
3033,203125	-77,411201
3035,156250	-83,813225
3037,109375	-89,288986
3039,062500	-78,652176
3041,015625	-77,031357
3042,968750	-73,107651
3044,921875	-77,822289
3046,875000	-77,314224
3048,828125	-85,566620
3050,781250	-85,697906
3052,734375	-79,112289
3054,687500	-74,933998
3056,640625	-74,056526
3058,593750	-79,145409
3060,546875	-80,641479
3062,500000	-79,714584
3064,453125	-100,828102
3066,406250	-77,822792
3068,359375	-79,396324
3070,312500	-92,934410
3072,265625	-81,586411
3074,218750	-76,560417
3076,171875	-74,288422
3078,125000	-78,825874
3080,078125	-82,790352
3082,031250	-89,331856
3083,984375	-77,021652
3085,937500	-80,365486
3087,890625	-84,836533
3089,843750	-86,398659
3091,796875	-84,005035
3093,750000	-92,458549
3095,703125	-77,940666
3097,656250	-76,570709
3099,609375	-79,458534
3101,562500	-86,851013
3103,515625	-76,607323
3105,468750	-77,312927
3107,421875	-78,663048
3109,375000	-77,341209
3111,328125	-79,234497
3113,281250	-85,509666
3115,234375	-82,592140
3117,187500	-89,323616
3119,140625	-75,855690
3121,093750	-75,086647
3123,046875	-88,587296
3125,000000	-89,434441
3126,953125	-89,148407
3128,906250	-84,301529
3130,859375	-93,068665
3132,812500	-78,684044
3134,765625	-79,617653
3136,718750	-76,742172
3138,671875	-78,591194
3140,625000	-79,343216
3142,578125	-76,010612
3144,531250	-79,085266
3146,484375	-75,592232
3148,437500	-75,903275
3150,390625	-80,149925
3152,343750	-76,646843
3154,296875	-79,232491
3156,250000	-86,335396
3158,203125	-94,176064
3160,156250	-77,550011
3162,109375	-76,586632
3164,062500	-78,420860
3166,015625	-79,008766
3167,968750	-82,126160
3169,921875	-83,003624
3171,875000	-78,408890
3173,828125	-82,849663
3175,781250	-84,402748
3177,734375	-91,329155
3179,687500	-85,099388
3181,640625	-80,885017
3183,593750	-75,783524
3185,546875	-83,420296
3187,500000	-73,600143
3189,453125	-73,101257
3191,406250	-77,782433
3193,359375	-82,254311
3195,312500	-83,047569
3197,265625	-78,899002
3199,218750	-78,033989
3201,171875	-77,323280
3203,125000	-78,511978
3205,078125	-80,919853
3207,031250	-80,572716
3208,984375	-86,176506
3210,937500	-85,186615
3212,890625	-82,315582
3214,843750	-82,319283
3216,796875	-76,061958
3218,750000	-81,157951
3220,703125	-80,725838
3222,656250	-76,882042
3224,609375	-77,397804
3226,562500	-79,473244
3228,515625	-91,647812
3230,468750	-88,794991
3232,421875	-77,538315
3234,375000	-76,306931
3236,328125	-77,070168
3238,281250	-77,161316
3240,234375	-93,261665
3242,187500	-87,379959
3244,140625	-87,033195
3246,093750	-88,910385
3248,046875	-83,819031
3250,000000	-76,719551
3251,953125	-76,635681
3253,906250	-81,133224
3255,859375	-79,242264
3257,812500	-77,963127
3259,765625	-79,989792
3261,718750	-77,401093
3263,671875	-88,495110
3265,625000	-74,205994
3267,578125	-73,301422
3269,531250	-77,636475
3271,484375	-77,891731
3273,437500	-79,278076
3275,390625	-82,098808
3277,343750	-84,139732
3279,296875	-88,378845
3281,250000	-87,446953
3283,203125	-90,559509
3285,156250	-100,062141
3287,109375	-93,389442
3289,062500	-84,530220
3291,015625	-84,484230
3292,968750	-82,861702
3294,921875	-78,174454
3296,875000	-72,235603
3298,828125	-71,549698
3300,781250	-75,240753
3302,734375	-76,220886
3304,687500	-81,099823
3306,640625	-76,131104
3308,593750	-78,137695
3310,546875	-76,379776
3312,500000	-74,234154
3314,453125	-78,752235
3316,406250	-93,760826
3318,359375	-78,950706
3320,312500	-80,958115
3322,265625	-78,357170
3324,218750	-74,795860
3326,171875	-75,184914
3328,125000	-79,732788
3330,078125	-73,984947
3332,031250	-73,854233
3333,984375	-79,237068
3335,937500	-79,244637
3337,890625	-78,793037
3339,843750	-80,940437
3341,796875	-91,142860
3343,750000	-82,022568
3345,703125	-73,976395
3347,656250	-75,516663
3349,609375	-95,183907
3351,562500	-79,308395
3353,515625	-82,296234
3355,468750	-92,638649
3357,421875	-82,519600
3359,375000	-78,769775
3361,328125	-80,945625
3363,281250	-76,463600
3365,234375	-74,743828
3367,187500	-77,846214
3369,140625	-75,549438
3371,093750	-87,795219
3373,046875	-83,716171
3375,000000	-87,746323
3376,953125	-72,877167
3378,906250	-80,857353
3380,859375	-77,053650
3382,812500	-77,737770
3384,765625	-75,330650
3386,718750	-71,177994
3388,671875	-73,799606
3390,625000	-81,780663
3392,578125	-73,110909
3394,531250	-68,428413
3396,484375	-71,672173
3398,437500	-75,913216
3400,390625	-77,937454
3402,343750	-81,501671
3404,296875	-78,733147
3406,250000	-76,212341
3408,203125	-83,481125
3410,156250	-83,533073
3412,109375	-77,207497
3414,062500	-79,817291
3416,015625	-81,660461
3417,968750	-78,088959
3419,921875	-78,023254
3421,875000	-78,120918
3423,828125	-80,103828
3425,781250	-77,525986
3427,734375	-73,107979
3429,687500	-77,620651
3431,640625	-80,197693
3433,593750	-83,337502
3435,546875	-82,341187
3437,500000	-73,318481
3439,453125	-72,489952
3441,406250	-83,825539
3443,359375	-82,731194
3445,312500	-80,548325
3447,265625	-90,508698
3449,218750	-79,346741
3451,171875	-75,487877
3453,125000	-79,169060
3455,078125	-80,757736
3457,031250	-83,911186
3458,984375	-88,038414
3460,937500	-80,011200
3462,890625	-74,376488
3464,843750	-79,577637
3466,796875	-84,411705
3468,750000	-77,041908
3470,703125	-81,725677
3472,656250	-81,393181
3474,609375	-78,089760
3476,562500	-91,242844
3478,515625	-81,429184
3480,468750	-79,811852
3482,421875	-87,140930
3484,375000	-79,859863
3486,328125	-81,817970
3488,281250	-77,875076
3490,234375	-80,120583
3492,187500	-77,512405
3494,140625	-101,149818
3496,093750	-74,339600
3498,046875	-74,137352
3500,000000	-78,290482
3501,953125	-83,092796
3503,906250	-80,435913
3505,859375	-74,683662
3507,812500	-83,540916
3509,765625	-88,928741
3511,718750	-90,026611
3513,671875	-85,817673
3515,625000	-77,864723
3517,578125	-78,784088
3519,531250	-84,109756
3521,484375	-87,554123
3523,437500	-82,541466
3525,390625	-78,730309
3527,343750	-77,650566
3529,296875	-82,208015
3531,250000	-88,459679
3533,203125	-86,209633
3535,156250	-80,801422
3537,109375	-78,548859
3539,062500	-89,048569
3541,015625	-80,417999
3542,968750	-79,084915
3544,921875	-81,011063
3546,875000	-79,857445
3548,828125	-77,796684
3550,781250	-75,333519
3552,734375	-77,966492
3554,687500	-81,766479
3556,640625	-88,519722
3558,593750	-90,450928
3560,546875	-80,248413
3562,500000	-77,234955
3564,453125	-83,161659
3566,406250	-89,119904
3568,359375	-81,162338
3570,312500	-84,432442
3572,265625	-76,854950
3574,218750	-75,894096
3576,171875	-85,031593
3578,125000	-81,034897
3580,078125	-76,198769
3582,031250	-77,071701
3583,984375	-80,815437
3585,937500	-79,527779
3587,890625	-88,546028
3589,843750	-79,486694
3591,796875	-76,706306
3593,750000	-72,243675
3595,703125	-72,088150
3597,656250	-74,703369
3599,609375	-76,569695
3601,562500	-73,790459
3603,515625	-75,604424
3605,468750	-86,814476
3607,421875	-91,242912
3609,375000	-80,806259
3611,328125	-84,068687
3613,281250	-77,691612
3615,234375	-75,512955
3617,187500	-76,219498
3619,140625	-76,596466
3621,093750	-77,199677
3623,046875	-88,253593
3625,000000	-81,423035
3626,953125	-91,728859
3628,906250	-82,140518
3630,859375	-83,189987
3632,812500	-78,764725
3634,765625	-79,796646
3636,718750	-78,396637
3638,671875	-77,733437
3640,625000	-77,572594
3642,578125	-74,624519
3644,531250	-74,310699
3646,484375	-73,849686
3648,437500	-81,296402
3650,390625	-73,312759
3652,343750	-78,716507
3654,296875	-80,794487
3656,250000	-76,769859
3658,203125	-77,919579
3660,156250	-81,949570
3662,109375	-82,498047
3664,062500	-84,356041
3666,015625	-81,454048
3667,968750	-83,050049
3669,921875	-87,632645
3671,875000	-92,511520
3673,828125	-82,523827
3675,781250	-84,042542
3677,734375	-83,125999
3679,687500	-84,342155
3681,640625	-79,730659
3683,593750	-92,252922
3685,546875	-83,299980
3687,500000	-84,985909
3689,453125	-85,097748
3691,406250	-76,293312
3693,359375	-70,236794
3695,312500	-73,815193
3697,265625	-75,837074
3699,218750	-73,374153
3701,171875	-73,094582
3703,125000	-79,367661
3705,078125	-82,481064
3707,031250	-80,236855
3708,984375	-76,853531
3710,937500	-73,712532
3712,890625	-78,245003
3714,843750	-88,071480
3716,796875	-81,862419
3718,750000	-77,065468
3720,703125	-78,259949
3722,656250	-76,792641
3724,609375	-72,181274
3726,562500	-73,579605
3728,515625	-77,160995
3730,468750	-77,780472
3732,421875	-87,125847
3734,375000	-78,330162
3736,328125	-78,177673
3738,281250	-79,796593
3740,234375	-76,604858
3742,187500	-80,061371
3744,140625	-89,847092
3746,093750	-81,999252
3748,046875	-79,421043
3750,000000	-76,000549
3751,953125	-75,510345
3753,906250	-74,899750
3755,859375	-76,273827
3757,812500	-85,824516
3759,765625	-72,091232
3761,718750	-72,656349
3763,671875	-75,308441
3765,625000	-82,606087
3767,578125	-80,482834
3769,531250	-77,512009
3771,484375	-75,792229
3773,437500	-79,931366
3775,390625	-88,243439
3777,343750	-76,557289
3779,296875	-75,856194
3781,250000	-77,825729
3783,203125	-80,920486
3785,156250	-80,845146
3787,109375	-75,232452
3789,062500	-76,737396
3791,015625	-78,704498
3792,968750	-82,883194
3794,921875	-80,878471
3796,875000	-81,943314
3798,828125	-80,441673
3800,781250	-84,087570
3802,734375	-97,925125
3804,687500	-77,553642
3806,640625	-75,279221
3808,593750	-81,205605
3810,546875	-84,684082
3812,500000	-87,596382
3814,453125	-84,101303
3816,406250	-83,434746
3818,359375	-96,823898
3820,312500	-97,975548
3822,265625	-87,392059
3824,218750	-85,149864
3826,171875	-78,004768
3828,125000	-79,733078
3830,078125	-85,561523
3832,031250	-82,640327
3833,984375	-84,904358
3835,937500	-88,401497
3837,890625	-86,080429
3839,843750	-82,960983
3841,796875	-79,278511
3843,750000	-82,417168
3845,703125	-94,247948
3847,656250	-82,211479
3849,609375	-83,441315
3851,562500	-83,133896
3853,515625	-88,035545
3855,468750	-80,673103
3857,421875	-74,274040
3859,375000	-76,309181
3861,328125	-89,844650
3863,281250	-78,199928
3865,234375	-95,191109
3867,187500	-88,141022
3869,140625	-81,054802
3871,093750	-73,891541
3873,046875	-69,664543
3875,000000	-71,632698
3876,953125	-79,918556
3878,906250	-89,041786
3880,859375	-77,666908
3882,812500	-83,837166
3884,765625	-80,782806
3886,718750	-84,455719
3888,671875	-80,265015
3890,625000	-89,494507
3892,578125	-92,476646
3894,531250	-77,223404
3896,484375	-74,529816
3898,437500	-82,270409
3900,390625	-84,140396
3902,343750	-80,399826
3904,296875	-75,921478
3906,250000	-81,027679
3908,203125	-77,807190
3910,156250	-76,726242
3912,109375	-81,250557
3914,062500	-91,985641
3916,015625	-86,089539
3917,968750	-78,553009
3919,921875	-72,614525
3921,875000	-76,714294
3923,828125	-76,934998
3925,781250	-74,054787
3927,734375	-78,417336
3929,687500	-80,331985
3931,640625	-85,435623
3933,593750	-79,668495
3935,546875	-72,913666
3937,500000	-74,249130
3939,453125	-79,660469
3941,406250	-77,419266
3943,359375	-77,684509
3945,312500	-78,809479
3947,265625	-72,788513
3949,218750	-77,698738
3951,171875	-80,698341
3953,125000	-76,543083
3955,078125	-82,335266
3957,031250	-74,953270
3958,984375	-74,454865
3960,937500	-79,695511
3962,890625	-80,952347
3964,843750	-79,531975
3966,796875	-80,716820
3968,750000	-78,400681
3970,703125	-82,504303
3972,656250	-79,655205
3974,609375	-75,136749
3976,562500	-76,632027
3978,515625	-92,544815
3980,468750	-89,394493
3982,421875	-85,791565
3984,375000	-85,086678
3986,328125	-80,127373
3988,281250	-89,145370
3990,234375	-78,637894
3992,187500	-82,436584
3994,140625	-81,436943
3996,093750	-81,071335
3998,046875	-77,514977
4000,000000	-80,548447
4001,953125	-85,686714
4003,906250	-78,046494
4005,859375	-78,992226
4007,812500	-76,267136
4009,765625	-81,554565
4011,718750	-90,104149
4013,671875	-99,517555
4015,625000	-83,306404
4017,578125	-81,267754
4019,531250	-82,468613
4021,484375	-88,934982
4023,437500	-99,761230
4025,390625	-97,393333
4027,343750	-78,082390
4029,296875	-80,194458
4031,250000	-82,224228
4033,203125	-79,023033
4035,156250	-94,732483
4037,109375	-76,256874
4039,062500	-74,027023
4041,015625	-80,975296
4042,968750	-83,194099
4044,921875	-77,131950
4046,875000	-78,259628
4048,828125	-76,575874
4050,781250	-74,366997
4052,734375	-80,775093
4054,687500	-75,670662
4056,640625	-76,991829
4058,593750	-83,560471
4060,546875	-90,292542
4062,500000	-81,766205
4064,453125	-75,768890
4066,406250	-73,438194
4068,359375	-74,787178
4070,312500	-76,772110
4072,265625	-75,646591
4074,218750	-78,358925
4076,171875	-81,708519
4078,125000	-74,264877
4080,078125	-76,649117
4082,031250	-78,762627
4083,984375	-75,981148
4085,937500	-77,858742
4087,890625	-84,046227
4089,843750	-111,317505
4091,796875	-80,185120
4093,750000	-78,971230
4095,703125	-84,843773
4097,656250	-77,252640
4099,609375	-78,945465
4101,562500	-77,488106
4103,515625	-80,132141
4105,468750	-86,915863
4107,421875	-88,753418
4109,375000	-88,144653
4111,328125	-82,968864
4113,281250	-96,933037
4115,234375	-90,443367
4117,187500	-85,158546
4119,140625	-79,775223
4121,093750	-88,765396
4123,046875	-77,359589
4125,000000	-81,101135
4126,953125	-76,656517
4128,906250	-78,724892
4130,859375	-86,142395
4132,812500	-80,821716
4134,765625	-76,910591
4136,718750	-75,300446
4138,671875	-76,350121
4140,625000	-77,723419
4142,578125	-82,647057
4144,531250	-81,032112
4146,484375	-82,425926
4148,437500	-76,218781
4150,390625	-75,866562
4152,343750	-80,172890
4154,296875	-75,688606
4156,250000	-79,313423
4158,203125	-80,847198
4160,156250	-79,643982
4162,109375	-80,254311
4164,062500	-79,256516
4166,015625	-76,700340
4167,968750	-79,949501
4169,921875	-83,545067
4171,875000	-78,489494
4173,828125	-84,234505
4175,781250	-93,203957
4177,734375	-81,883743
4179,687500	-81,822670
4181,640625	-79,358368
4183,593750	-74,795189
4185,546875	-73,970512
4187,500000	-78,560616
4189,453125	-78,142296
4191,406250	-77,406433
4193,359375	-82,301407
4195,312500	-78,143478
4197,265625	-81,540825
4199,218750	-75,518784
4201,171875	-72,570564
4203,125000	-72,701927
4205,078125	-74,257698
4207,031250	-81,214607
4208,984375	-80,211014
4210,937500	-76,670815
4212,890625	-81,942566
4214,843750	-81,687317
4216,796875	-82,224762
4218,750000	-79,037804
4220,703125	-87,274773
4222,656250	-79,404716
4224,609375	-78,795792
4226,562500	-75,957428
4228,515625	-88,088646
4230,468750	-88,291100
4232,421875	-78,136955
4234,375000	-71,932121
4236,328125	-76,239395
4238,281250	-89,413803
4240,234375	-87,133408
4242,187500	-84,889259
4244,140625	-89,239914
4246,093750	-84,218147
4248,046875	-84,315331
4250,000000	-81,649895
4251,953125	-75,227707
4253,906250	-71,845192
4255,859375	-72,608986
4257,812500	-74,936539
4259,765625	-75,055046
4261,718750	-74,174149
4263,671875	-75,279198
4265,625000	-79,798294
4267,578125	-86,521881
4269,531250	-80,889687
4271,484375	-96,925293
4273,437500	-81,300781
4275,390625	-75,564240
4277,343750	-73,584564
4279,296875	-76,025024
4281,250000	-97,156898
4283,203125	-84,352974
4285,156250	-84,690926
4287,109375	-88,859009
4289,062500	-80,677307
4291,015625	-83,825745
4292,968750	-77,828972
4294,921875	-84,490227
4296,875000	-80,285957
4298,828125	-80,786766
4300,781250	-82,298317
4302,734375	-75,220795
4304,687500	-76,430473
4306,640625	-74,404625
4308,593750	-73,529541
4310,546875	-72,324875
4312,500000	-70,660934
4314,453125	-72,544022
4316,406250	-76,649368
4318,359375	-81,161552
4320,312500	-82,822937
4322,265625	-77,020653
4324,218750	-79,053146
4326,171875	-93,942894
4328,125000	-88,769165
4330,078125	-84,983337
4332,031250	-82,521400
4333,984375	-72,363220
4335,937500	-71,797050
4337,890625	-76,662445
4339,843750	-81,726089
4341,796875	-84,858978
4343,750000	-75,328094
4345,703125	-76,931229
4347,656250	-79,322853
4349,609375	-81,825302
4351,562500	-81,387505
4353,515625	-81,126465
4355,468750	-85,067696
4357,421875	-74,362770
4359,375000	-75,765457
4361,328125	-92,581795
4363,281250	-90,216766
4365,234375	-79,621368
4367,187500	-77,799919
4369,140625	-77,909370
4371,093750	-74,243721
4373,046875	-75,484833
4375,000000	-77,918236
4376,953125	-88,744949
4378,906250	-76,979355
4380,859375	-80,763054
4382,812500	-98,764412
4384,765625	-80,991447
4386,718750	-76,861687
4388,671875	-77,558853
4390,625000	-81,791634
4392,578125	-82,670181
4394,531250	-78,127594
4396,484375	-80,732315
4398,437500	-85,593323
4400,390625	-81,008347
4402,343750	-86,040916
4404,296875	-75,986092
4406,250000	-90,457489
4408,203125	-80,875702
4410,156250	-78,672852
4412,109375	-78,662498
4414,062500	-80,182930
4416,015625	-81,738998
4417,968750	-82,673050
4419,921875	-82,753647
4421,875000	-81,753036
4423,828125	-77,875420
4425,781250	-77,551888
4427,734375	-82,290092
4429,687500	-83,638008
4431,640625	-85,502289
4433,593750	-120,338562
4435,546875	-89,912491
4437,500000	-88,420212
4439,453125	-82,792488
4441,406250	-89,542618
4443,359375	-81,546486
4445,312500	-84,253372
4447,265625	-94,455910
4449,218750	-86,366119
4451,171875	-85,804947
4453,125000	-74,551353
4455,078125	-76,429741
4457,031250	-81,273819
4458,984375	-80,793159
4460,937500	-89,034172
4462,890625	-84,882393
4464,843750	-88,035042
4466,796875	-84,337105
4468,750000	-82,683014
4470,703125	-74,675026
4472,656250	-72,382637
4474,609375	-76,626976
4476,562500	-86,710281
4478,515625	-88,320145
4480,468750	-79,677292
4482,421875	-74,723732
4484,375000	-74,716988
4486,328125	-74,470428
4488,281250	-79,091599
4490,234375	-82,620033
4492,187500	-88,217026
4494,140625	-80,387474
4496,093750	-76,942986
4498,046875	-79,867325
4500,000000	-85,278259
4501,953125	-86,107323
4503,906250	-84,960609
4505,859375	-92,115753
4507,812500	-85,836266
4509,765625	-79,920975
4511,718750	-77,856956
4513,671875	-84,529900
4515,625000	-83,821007
4517,578125	-76,598213
4519,531250	-74,616150
4521,484375	-74,123489
4523,437500	-78,458809
4525,390625	-78,350159
4527,343750	-80,219330
4529,296875	-89,018585
4531,250000	-77,949310
4533,203125	-77,838387
4535,156250	-82,719772
4537,109375	-87,200233
4539,062500	-86,289322
4541,015625	-74,552185
4542,968750	-78,368568
4544,921875	-76,336754
4546,875000	-77,411812
4548,828125	-81,461578
4550,781250	-78,708878
4552,734375	-79,041451
4554,687500	-82,641487
4556,640625	-81,434319
4558,593750	-81,990753
4560,546875	-86,514709
4562,500000	-82,886101
4564,453125	-79,817558
4566,406250	-82,436142
4568,359375	-75,133904
4570,312500	-77,880043
4572,265625	-82,728569
4574,218750	-76,485779
4576,171875	-73,790512
4578,125000	-72,719429
4580,078125	-76,326721
4582,031250	-81,663879
4583,984375	-87,408081
4585,937500	-81,245033
4587,890625	-84,742607
4589,843750	-79,280830
4591,796875	-83,269173
4593,750000	-94,668312
4595,703125	-87,358482
4597,656250	-88,191658
4599,609375	-84,836174
4601,562500	-82,166245
4603,515625	-82,158691
4605,468750	-87,109138
4607,421875	-81,412575
4609,375000	-85,763512
4611,328125	-79,150291
4613,281250	-82,996819
4615,234375	-93,227325
4617,187500	-82,583641
4619,140625	-77,532928
4621,093750	-77,140892
4623,046875	-84,002281
4625,000000	-80,468185
4626,953125	-86,009041
4628,906250	-83,482124
4630,859375	-81,577896
4632,812500	-86,000816
4634,765625	-76,127762
4636,718750	-82,003792
4638,671875	-83,906296
4640,625000	-81,606979
4642,578125	-82,719345
4644,531250	-80,898315
4646,484375	-81,119102
4648,437500	-83,046066
4650,390625	-79,655945
4652,343750	-81,930489
4654,296875	-90,094444
4656,250000	-80,511429
4658,203125	-78,218842
4660,156250	-89,340111
4662,109375	-76,519867
4664,062500	-73,703613
4666,015625	-78,726410
4667,968750	-77,312599
4669,921875	-92,406990
4671,875000	-78,314171
4673,828125	-81,463135
4675,781250	-86,282745
4677,734375	-77,173950
4679,687500	-76,301765
4681,640625	-78,780289
4683,593750	-81,793793
4685,546875	-76,692543
4687,500000	-79,351212
4689,453125	-95,889244
4691,406250	-75,299591
4693,359375	-74,972137
4695,312500	-77,230980
4697,265625	-80,708412
4699,218750	-77,540321
4701,171875	-81,787453
4703,125000	-84,066071
4705,078125	-98,412918
4707,031250	-82,719429
4708,984375	-82,403778
4710,937500	-80,788933
4712,890625	-75,694870
4714,843750	-79,862267
4716,796875	-88,442123
4718,750000	-84,546036
4720,703125	-90,145622
4722,656250	-79,035637
4724,609375	-97,515305
4726,562500	-79,368927
4728,515625	-76,524910
4730,468750	-76,163635
4732,421875	-83,749161
4734,375000	-76,850677
4736,328125	-74,481781
4738,281250	-81,529510
4740,234375	-84,120674
4742,187500	-81,858459
4744,140625	-83,993286
4746,093750	-82,749702
4748,046875	-79,361809
4750,000000	-77,222481
4751,953125	-79,454872
4753,906250	-79,675560
4755,859375	-83,594643
4757,812500	-79,485718
4759,765625	-79,748627
4761,718750	-78,150818
4763,671875	-77,846092
4765,625000	-78,689827
4767,578125	-83,693527
4769,531250	-90,198792
4771,484375	-83,423401
4773,437500	-85,568138
4775,390625	-79,532761
4777,343750	-87,445648
4779,296875	-78,379921
4781,250000	-81,910027
4783,203125	-101,334579
4785,156250	-80,804146
4787,109375	-76,043449
4789,062500	-92,154366
4791,015625	-80,907616
4792,968750	-84,273300
4794,921875	-77,517189
4796,875000	-76,085243
4798,828125	-76,969978
4800,781250	-79,027229
4802,734375	-81,820869
4804,687500	-81,602242
4806,640625	-91,002670
4808,593750	-81,813004
4810,546875	-77,392242
4812,500000	-86,196564
4814,453125	-76,721771
4816,406250	-74,375534
4818,359375	-81,492249
4820,312500	-87,803787
4822,265625	-82,120529
4824,218750	-81,320389
4826,171875	-80,449188
4828,125000	-84,196983
4830,078125	-86,466187
4832,031250	-82,678444
4833,984375	-93,153725
4835,937500	-75,174698
4837,890625	-73,498238
4839,843750	-79,357780
4841,796875	-92,196083
4843,750000	-83,210892
4845,703125	-94,686172
4847,656250	-82,624062
4849,609375	-82,480011
4851,562500	-82,390167
4853,515625	-76,062332
4855,468750	-82,388878
4857,421875	-84,401260
4859,375000	-78,237358
4861,328125	-80,339142
4863,281250	-88,448776
4865,234375	-79,787529
4867,187500	-83,786728
4869,140625	-78,651527
4871,093750	-74,986427
4873,046875	-76,907944
4875,000000	-77,088470
4876,953125	-82,673294
4878,906250	-81,943214
4880,859375	-86,378670
4882,812500	-87,623016
4884,765625	-81,161942
4886,718750	-80,722107
4888,671875	-88,284241
4890,625000	-84,082085
4892,578125	-85,805794
4894,531250	-80,977509
4896,484375	-74,842766
4898,437500	-78,389595
4900,390625	-86,645798
4902,343750	-81,691002
4904,296875	-84,702988
4906,250000	-76,989685
4908,203125	-82,245560
4910,156250	-88,052025
4912,109375	-80,373398
4914,062500	-82,026306
4916,015625	-80,252632
4917,968750	-92,763596
4919,921875	-90,997093
4921,875000	-84,885117
4923,828125	-79,857132
4925,781250	-85,098633
4927,734375	-79,957741
4929,687500	-83,195442
4931,640625	-81,210129
4933,593750	-87,131920
4935,546875	-78,692520
4937,500000	-79,914093
4939,453125	-75,868149
4941,406250	-75,806709
4943,359375	-108,859436
4945,312500	-85,381561
4947,265625	-88,399422
4949,218750	-86,643623
4951,171875	-100,412018
4953,125000	-79,398743
4955,078125	-76,098366
4957,031250	-75,493774
4958,984375	-84,263748
4960,937500	-84,513916
4962,890625	-86,138771
4964,843750	-85,616783
4966,796875	-77,047386
4968,750000	-76,634010
4970,703125	-83,360703
4972,656250	-92,645927
4974,609375	-82,500832
4976,562500	-81,891747
4978,515625	-79,766853
4980,468750	-84,054512
4982,421875	-74,922401
4984,375000	-78,199600
4986,328125	-81,642334
4988,281250	-88,040367
4990,234375	-78,322929
4992,187500	-74,584160
4994,140625	-75,544746
4996,093750	-77,269867
4998,046875	-76,727272
5000,000000	-78,536453
5001,953125	-76,016586
5003,906250	-78,879730
5005,859375	-83,635651
5007,812500	-79,882484
5009,765625	-76,673164
5011,718750	-76,416061
5013,671875	-76,397179
5015,625000	-79,407188
5017,578125	-79,225006
5019,531250	-88,223785
5021,484375	-85,898735
5023,437500	-97,231758
5025,390625	-93,608910
5027,343750	-80,653214
5029,296875	-80,683296
5031,250000	-83,733070
5033,203125	-86,638313
5035,156250	-81,702255
5037,109375	-79,108292
5039,062500	-74,186874
5041,015625	-73,806808
5042,968750	-75,263985
5044,921875	-75,773087
5046,875000	-77,407753
5048,828125	-82,989479
5050,781250	-85,084747
5052,734375	-78,560089
5054,687500	-74,597519
5056,640625	-73,250237
5058,593750	-76,611534
5060,546875	-80,367264
5062,500000	-76,534470
5064,453125	-77,936836
5066,406250	-80,458694
5068,359375	-78,782166
5070,312500	-77,662498
5072,265625	-86,006905
5074,218750	-84,337242
5076,171875	-76,966248
5078,125000	-76,288422
5080,078125	-88,547829
5082,031250	-86,285294
5083,984375	-80,730896
5085,937500	-77,935493
5087,890625	-79,159180
5089,843750	-85,398949
5091,796875	-104,736519
5093,750000	-76,291199
5095,703125	-75,264946
5097,656250	-90,058899
5099,609375	-81,713989
5101,562500	-80,566681
5103,515625	-76,682800
5105,468750	-79,530464
5107,421875	-96,801407
5109,375000	-78,042290
5111,328125	-77,023468
5113,281250	-84,835121
5115,234375	-85,265137
5117,187500	-84,107574
5119,140625	-84,778824
5121,093750	-104,330139
5123,046875	-84,260658
5125,000000	-87,201157
5126,953125	-89,093681
5128,906250	-85,900414
5130,859375	-80,324562
5132,812500	-80,777061
5134,765625	-77,154350
5136,718750	-72,820473
5138,671875	-74,154816
5140,625000	-76,253952
5142,578125	-78,770958
5144,531250	-76,166962
5146,484375	-80,326538
5148,437500	-83,076836
5150,390625	-78,708916
5152,343750	-85,496666
5154,296875	-84,624214
5156,250000	-75,572098
5158,203125	-76,636238
5160,156250	-88,014938
5162,109375	-83,232391
5164,062500	-79,178307
5166,015625	-77,744888
5167,968750	-78,700989
5169,921875	-84,031364
5171,875000	-84,971275
5173,828125	-81,605865
5175,781250	-79,525032
5177,734375	-94,112122
5179,687500	-86,479240
5181,640625	-84,253731
5183,593750	-84,940239
5185,546875	-85,155746
5187,500000	-79,010330
5189,453125	-80,591469
5191,406250	-86,850838
5193,359375	-80,264153
5195,312500	-85,718552
5197,265625	-78,675964
5199,218750	-84,245689
5201,171875	-77,284538
5203,125000	-77,211075
5205,078125	-82,938660
5207,031250	-87,655998
5208,984375	-78,621719
5210,937500	-86,074959
5212,890625	-80,481789
5214,843750	-77,042564
5216,796875	-77,338982
5218,750000	-86,386787
5220,703125	-79,246925
5222,656250	-75,202789
5224,609375	-79,396896
5226,562500	-83,002838
5228,515625	-103,925873
5230,468750	-84,307961
5232,421875	-81,894997
5234,375000	-83,933029
5236,328125	-85,911461
5238,281250	-76,080353
5240,234375	-76,713287
5242,187500	-77,662971
5244,140625	-76,195389
5246,093750	-81,579132
5248,046875	-82,777328
5250,000000	-82,158455
5251,953125	-77,085541
5253,906250	-81,101746
5255,859375	-90,981323
5257,812500	-89,352142
5259,765625	-77,913353
5261,718750	-78,631203
5263,671875	-76,851730
5265,625000	-75,966522
5267,578125	-74,214760
5269,531250	-89,864342
5271,484375	-82,237503
5273,437500	-88,094894
5275,390625	-80,137711
5277,343750	-75,304855
5279,296875	-74,406990
5281,250000	-78,503273
5283,203125	-76,213493
5285,156250	-77,378021
5287,109375	-98,826614
5289,062500	-99,497154
5291,015625	-92,670654
5292,968750	-83,144585
5294,921875	-77,549362
5296,875000	-80,891724
5298,828125	-84,423996
5300,781250	-84,813736
5302,734375	-97,304535
5304,687500	-82,062340
5306,640625	-75,247307
5308,593750	-74,045784
5310,546875	-78,230614
5312,500000	-81,047012
5314,453125	-83,907654
5316,406250	-80,538040
5318,359375	-75,523506
5320,312500	-72,751472
5322,265625	-83,420319
5324,218750	-79,074692
5326,171875	-100,634003
5328,125000	-78,309662
5330,078125	-98,065277
5332,031250	-78,937126
5333,984375	-77,228584
5335,937500	-77,452126
5337,890625	-95,738991
5339,843750	-76,442993
5341,796875	-81,690826
5343,750000	-79,946114
5345,703125	-81,323021
5347,656250	-82,486053
5349,609375	-85,270927
5351,562500	-91,022079
5353,515625	-81,542183
5355,468750	-84,599648
5357,421875	-82,564529
5359,375000	-87,860771
5361,328125	-77,840408
5363,281250	-76,199623
5365,234375	-79,925537
5367,187500	-75,871887
5369,140625	-82,097351
5371,093750	-74,548531
5373,046875	-73,824226
5375,000000	-88,269226
5376,953125	-78,015396
5378,906250	-78,913124
5380,859375	-77,562126
5382,812500	-78,884537
5384,765625	-75,548477
5386,718750	-81,963928
5388,671875	-85,026512
5390,625000	-75,188797
5392,578125	-74,612473
5394,531250	-81,108109
5396,484375	-88,434494
5398,437500	-87,439156
5400,390625	-82,926071
5402,343750	-75,232346
5404,296875	-75,356163
5406,250000	-80,333511
5408,203125	-82,425819
5410,156250	-83,979401
5412,109375	-90,475975
5414,062500	-82,466324
5416,015625	-88,275230
5417,968750	-74,918518
5419,921875	-74,283340
5421,875000	-78,892654
5423,828125	-83,078377
5425,781250	-76,949898
5427,734375	-74,580101
5429,687500	-78,718796
5431,640625	-81,155594
5433,593750	-74,622528
5435,546875	-74,835663
5437,500000	-85,052536
5439,453125	-87,280373
5441,406250	-82,106224
5443,359375	-78,442932
5445,312500	-75,466782
5447,265625	-77,029976
5449,218750	-81,134819
5451,171875	-87,014542
5453,125000	-83,193436
5455,078125	-78,139809
5457,031250	-84,238747
5458,984375	-79,546242
5460,937500	-91,144615
5462,890625	-81,128311
5464,843750	-79,519455
5466,796875	-79,329903
5468,750000	-75,637047
5470,703125	-73,966003
5472,656250	-75,477501
5474,609375	-77,119652
5476,562500	-86,883423
5478,515625	-87,761276
5480,468750	-90,137299
5482,421875	-82,050125
5484,375000	-77,551064
5486,328125	-79,420395
5488,281250	-94,878365
5490,234375	-85,170891
5492,187500	-80,698006
5494,140625	-75,444168
5496,093750	-80,459129
5498,046875	-82,058632
5500,000000	-86,519112
5501,953125	-76,004761
5503,906250	-76,638718
5505,859375	-79,856903
5507,812500	-77,203476
5509,765625	-75,472893
5511,718750	-75,174011
5513,671875	-75,479721
5515,625000	-73,615074
5517,578125	-82,581375
5519,531250	-80,939606
5521,484375	-83,266663
5523,437500	-87,608971
5525,390625	-91,446060
5527,343750	-80,798050
5529,296875	-85,697220
5531,250000	-91,230614
5533,203125	-85,610291
5535,156250	-88,848312
5537,109375	-79,594917
5539,062500	-76,094444
5541,015625	-85,579453
5542,968750	-81,488083
5544,921875	-79,732887
5546,875000	-78,673264
5548,828125	-81,368019
5550,781250	-79,365074
5552,734375	-83,740669
5554,687500	-85,300858
5556,640625	-81,055481
5558,593750	-92,119522
5560,546875	-87,918480
5562,500000	-79,591789
5564,453125	-75,767334
5566,406250	-80,963028
5568,359375	-85,763336
5570,312500	-82,843254
5572,265625	-81,998962
5574,218750	-78,255760
5576,171875	-78,205353
5578,125000	-78,868599
5580,078125	-73,274551
5582,031250	-77,582649
5583,984375	-84,990868
5585,937500	-80,477249
5587,890625	-77,752739
5589,843750	-79,510864
5591,796875	-82,387764
5593,750000	-83,431877
5595,703125	-79,959465
5597,656250	-75,675842
5599,609375	-80,454033
5601,562500	-82,481125
5603,515625	-78,733551
5605,468750	-78,855705
5607,421875	-95,150108
5609,375000	-80,893440
5611,328125	-75,078613
5613,281250	-73,733742
5615,234375	-81,917282
5617,187500	-108,635628
5619,140625	-85,258133
5621,093750	-82,674103
5623,046875	-81,061745
5625,000000	-92,725487
5626,953125	-82,048462
5628,906250	-78,290436
5630,859375	-87,919655
5632,812500	-83,740601
5634,765625	-78,972809
5636,718750	-77,916748
5638,671875	-76,768600
5640,625000	-77,154228
5642,578125	-82,841988
5644,531250	-81,715904
5646,484375	-78,360588
5648,437500	-84,929726
5650,390625	-102,082947
5652,343750	-78,818108
5654,296875	-74,515717
5656,250000	-79,037041
5658,203125	-91,719299
5660,156250	-78,514999
5662,109375	-79,346199
5664,062500	-78,792793
5666,015625	-78,852913
5667,968750	-87,075371
5669,921875	-80,909088
5671,875000	-81,942245
5673,828125	-88,719055
5675,781250	-87,038551
5677,734375	-79,087341
5679,687500	-79,412987
5681,640625	-98,918648
5683,593750	-78,419586
5685,546875	-80,693802
5687,500000	-88,820572
5689,453125	-93,719681
5691,406250	-80,650597
5693,359375	-85,957726
5695,312500	-80,096878
5697,265625	-81,313515
5699,218750	-83,784210
5701,171875	-81,842339
5703,125000	-79,738235
5705,078125	-78,494713
5707,031250	-83,744499
5708,984375	-85,440613
5710,937500	-79,950699
5712,890625	-78,467918
5714,843750	-84,061844
5716,796875	-78,003067
5718,750000	-77,145561
5720,703125	-83,501472
5722,656250	-81,711868
5724,609375	-80,955956
5726,562500	-80,114700
5728,515625	-80,298599
5730,468750	-79,671951
5732,421875	-76,610199
5734,375000	-79,927750
5736,328125	-82,330994
5738,281250	-75,076080
5740,234375	-78,093330
5742,187500	-82,648102
5744,140625	-80,538071
5746,093750	-82,030685
5748,046875	-84,738152
5750,000000	-76,863014
5751,953125	-78,029343
5753,906250	-77,586678
5755,859375	-87,220856
5757,812500	-79,480621
5759,765625	-77,332382
5761,718750	-75,457214
5763,671875	-84,276344
5765,625000	-87,034225
5767,578125	-82,263069
5769,531250	-74,950943
5771,484375	-77,227669
5773,437500	-78,996262
5775,390625	-76,510223
5777,343750	-79,440208
5779,296875	-84,736382
5781,250000	-85,786705
5783,203125	-86,161736
5785,156250	-92,451881
5787,109375	-77,403473
5789,062500	-79,951500
5791,015625	-85,663422
5792,968750	-98,447823
5794,921875	-81,485001
5796,875000	-83,240616
5798,828125	-82,617271
5800,781250	-78,943817
5802,734375	-75,427902
5804,687500	-71,955490
5806,640625	-76,094803
5808,593750	-82,063377
5810,546875	-88,452873
5812,500000	-92,034492
5814,453125	-79,282455
5816,406250	-77,115120
5818,359375	-82,319115
5820,312500	-83,871109
5822,265625	-79,499474
5824,218750	-85,945015
5826,171875	-80,460976
5828,125000	-77,706528
5830,078125	-76,158432
5832,031250	-78,178574
5833,984375	-91,084953
5835,937500	-84,394096
5837,890625	-86,999817
5839,843750	-79,569450
5841,796875	-77,548317
5843,750000	-88,594299
5845,703125	-82,513954
5847,656250	-90,249237
5849,609375	-76,423912
5851,562500	-76,803421
5853,515625	-85,204605
5855,468750	-85,223557
5857,421875	-82,675072
5859,375000	-90,870651
5861,328125	-87,973915
5863,281250	-82,050476
5865,234375	-75,415108
5867,187500	-78,043655
5869,140625	-88,991676
5871,093750	-79,770905
5873,046875	-74,178261
5875,000000	-77,673012
5876,953125	-89,248833
5878,906250	-79,749382
5880,859375	-73,947594
5882,812500	-75,372711
5884,765625	-79,984406
5886,718750	-77,397881
5888,671875	-80,231728
5890,625000	-88,835083
5892,578125	-79,677704
5894,531250	-83,324989
5896,484375	-88,816315
5898,437500	-103,795845
5900,390625	-83,981461
5902,343750	-83,351166
5904,296875	-86,457680
5906,250000	-87,120651
5908,203125	-77,515663
5910,156250	-78,296783
5912,109375	-79,476212
5914,062500	-77,031647
5916,015625	-87,277611
5917,968750	-84,127274
5919,921875	-79,948898
5921,875000	-81,298279
5923,828125	-82,628952
5925,781250	-78,450836
5927,734375	-79,665237
5929,687500	-90,442329
5931,640625	-78,824738
5933,593750	-74,294449
5935,546875	-72,424789
5937,500000	-73,965797
5939,453125	-81,590935
5941,406250	-85,608810
5943,359375	-77,778778
5945,312500	-82,349953
5947,265625	-90,738029
5949,218750	-85,960564
5951,171875	-82,503632
5953,125000	-74,137283
5955,078125	-74,434097
5957,031250	-85,147621
5958,984375	-89,880043
5960,937500	-87,680687
5962,890625	-79,021027
5964,843750	-81,083565
5966,796875	-87,676117
5968,750000	-92,909286
5970,703125	-79,534836
5972,656250	-76,354019
5974,609375	-78,275513
5976,562500	-78,948051
5978,515625	-77,591393
5980,468750	-77,219261
5982,421875	-73,853249
5984,375000	-79,020126
5986,328125	-77,862816
5988,281250	-81,674179
5990,234375	-89,343575
5992,187500	-85,654449
5994,140625	-107,617218
5996,093750	-80,629173
5998,046875	-78,096947
6000,000000	-76,274521
6001,953125	-89,958115
6003,906250	-79,966995
6005,859375	-86,323586
6007,812500	-81,508202
6009,765625	-80,251389
6011,718750	-89,706970
6013,671875	-83,367805
6015,625000	-83,864464
6017,578125	-81,388504
6019,531250	-82,846016
6021,484375	-88,635948
6023,437500	-94,676636
6025,390625	-87,946938
6027,343750	-88,358429
6029,296875	-82,598915
6031,250000	-78,334663
6033,203125	-78,795776
6035,156250	-78,954391
6037,109375	-78,815033
6039,062500	-77,903381
6041,015625	-77,763443
6042,968750	-79,878540
6044,921875	-98,597008
6046,875000	-84,444031
6048,828125	-85,811302
6050,781250	-82,031570
6052,734375	-80,088943
6054,687500	-83,049133
6056,640625	-82,450279
6058,593750	-78,601456
6060,546875	-86,378685
6062,500000	-86,566284
6064,453125	-76,059021
6066,406250	-79,185822
6068,359375	-94,231613
6070,312500	-82,103691
6072,265625	-79,506989
6074,218750	-79,320389
6076,171875	-79,837242
6078,125000	-80,499260
6080,078125	-75,718712
6082,031250	-74,375389
6083,984375	-78,735832
6085,937500	-82,657806
6087,890625	-79,243561
6089,843750	-88,993889
6091,796875	-79,237022
6093,750000	-87,072914
6095,703125	-90,005592
6097,656250	-81,405945
6099,609375	-79,570000
6101,562500	-75,882683
6103,515625	-79,726013
6105,468750	-96,851929
6107,421875	-87,537781
6109,375000	-84,830269
6111,328125	-83,895081
6113,281250	-84,413086
6115,234375	-92,632248
6117,187500	-87,981277
6119,140625	-104,501083
6121,093750	-90,826500
6123,046875	-77,353569
6125,000000	-78,996498
6126,953125	-86,975670
6128,906250	-82,163536
6130,859375	-82,221184
6132,812500	-84,585167
6134,765625	-78,006035
6136,718750	-77,794579
6138,671875	-79,793678
6140,625000	-83,369179
6142,578125	-73,815598
6144,531250	-71,604637
6146,484375	-75,283257
6148,437500	-79,252281
6150,390625	-82,026932
6152,343750	-80,786613
6154,296875	-82,373093
6156,250000	-83,001526
6158,203125	-86,427689
6160,156250	-79,425667
6162,109375	-75,563316
6164,062500	-76,928596
6166,015625	-82,608536
6167,968750	-79,421684
6169,921875	-77,159325
6171,875000	-83,628151
6173,828125	-84,324333
6175,781250	-84,614311
6177,734375	-79,885422
6179,687500	-88,118217
6181,640625	-79,954826
6183,593750	-78,390846
6185,546875	-76,123993
6187,500000	-79,452103
6189,453125	-81,329575
6191,406250	-80,289215
6193,359375	-82,245064
6195,312500	-75,777657
6197,265625	-85,259193
6199,218750	-87,932976
6201,171875	-88,851463
6203,125000	-85,721634
6205,078125	-84,281296
6207,031250	-82,211983
6208,984375	-78,203560
6210,937500	-85,977364
6212,890625	-84,077286
6214,843750	-78,394562
6216,796875	-77,222946
6218,750000	-80,613205
6220,703125	-82,594200
6222,656250	-82,444168
6224,609375	-88,476028
6226,562500	-82,431305
6228,515625	-80,902542
6230,468750	-85,891052
6232,421875	-88,745354
6234,375000	-85,208313
6236,328125	-91,056908
6238,281250	-87,783836
6240,234375	-89,255379
6242,187500	-87,473381
6244,140625	-78,653465
6246,093750	-78,377510
6248,046875	-77,191498
6250,000000	-75,532127
6251,953125	-78,117508
6253,906250	-80,006035
6255,859375	-87,374901
6257,812500	-84,600395
6259,765625	-83,146416
6261,718750	-79,642677
6263,671875	-83,039314
6265,625000	-76,845543
6267,578125	-80,321968
6269,531250	-83,636620
6271,484375	-80,230980
6273,437500	-82,603065
6275,390625	-91,246811
6277,343750	-86,494476
6279,296875	-84,117943
6281,250000	-82,364502
6283,203125	-83,013008
6285,156250	-79,404472
6287,109375	-78,581085
6289,062500	-75,317619
6291,015625	-73,410339
6292,968750	-77,242722
6294,921875	-85,648094
6296,875000	-78,404381
6298,828125	-78,133965
6300,781250	-87,003586
6302,734375	-82,216728
6304,687500	-83,825569
6306,640625	-86,008301
6308,593750	-88,521088
6310,546875	-80,508408
6312,500000	-80,933105
6314,453125	-81,556297
6316,406250	-86,972679
6318,359375	-82,874832
6320,312500	-81,467789
6322,265625	-82,984947
6324,218750	-81,461288
6326,171875	-74,824539
6328,125000	-74,627991
6330,078125	-75,629471
6332,031250	-73,295273
6333,984375	-74,967079
6335,937500	-85,739128
6337,890625	-85,154846
6339,843750	-89,519310
6341,796875	-86,032722
6343,750000	-79,762268
6345,703125	-83,345741
6347,656250	-83,167343
6349,609375	-80,003273
6351,562500	-85,654579
6353,515625	-90,421501
6355,468750	-81,179871
6357,421875	-80,517677
6359,375000	-79,924911
6361,328125	-89,055153
6363,281250	-80,010086
6365,234375	-78,920479
6367,187500	-81,756874
6369,140625	-86,564133
6371,093750	-82,533401
6373,046875	-78,590965
6375,000000	-83,432175
6376,953125	-90,568092
6378,906250	-86,580040
6380,859375	-91,552704
6382,812500	-98,592064
6384,765625	-90,526878
6386,718750	-91,474953
6388,671875	-89,631691
6390,625000	-81,018204
6392,578125	-74,178612
6394,531250	-76,441307
6396,484375	-85,417976
6398,437500	-75,778313
6400,390625	-77,569885
6402,343750	-90,642403
6404,296875	-87,217712
6406,250000	-83,262192
6408,203125	-83,557312
6410,156250	-87,480804
6412,109375	-100,599709
6414,062500	-84,420242
6416,015625	-80,479317
6417,968750	-80,397934
6419,921875	-79,379646
6421,875000	-77,790314
6423,828125	-82,504204
6425,781250	-91,203682
6427,734375	-79,279167
6429,687500	-74,160248
6431,640625	-72,417084
6433,593750	-76,061462
6435,546875	-82,168137
6437,500000	-79,111565
6439,453125	-78,018837
6441,406250	-86,095154
6443,359375	-83,914246
6445,312500	-87,433037
6447,265625	-91,128448
6449,218750	-81,651001
6451,171875	-77,286896
6453,125000	-76,644814
6455,078125	-79,038696
6457,031250	-83,081062
6458,984375	-87,141930
6460,937500	-91,559639
6462,890625	-80,927139
6464,843750	-77,682785
6466,796875	-85,286766
6468,750000	-88,384293
6470,703125	-96,398727
6472,656250	-83,994522
6474,609375	-80,543282
6476,562500	-86,960114
6478,515625	-81,809723
6480,468750	-87,032715
6482,421875	-80,785210
6484,375000	-80,588943
6486,328125	-78,948471
6488,281250	-73,243248
6490,234375	-77,587784
6492,187500	-85,302223
6494,140625	-78,625404
6496,093750	-77,378021
6498,046875	-88,301125
6500,000000	-84,303848
6501,953125	-87,792686
6503,906250	-82,210152
6505,859375	-102,483147
6507,812500	-80,649864
6509,765625	-80,912689
6511,718750	-96,773476
6513,671875	-85,394791
6515,625000	-78,747620
6517,578125	-80,254173
6519,531250	-75,889633
6521,484375	-74,823837
6523,437500	-82,623573
6525,390625	-90,623718
6527,343750	-90,510086
6529,296875	-81,308434
6531,250000	-83,055717
6533,203125	-89,633125
6535,156250	-81,135712
6537,109375	-81,134079
6539,062500	-87,782700
6541,015625	-95,172165
6542,968750	-82,295692
6544,921875	-83,375099
6546,875000	-83,560219
6548,828125	-91,966240
6550,781250	-78,755905
6552,734375	-81,525406
6554,687500	-80,054024
6556,640625	-86,704506
6558,593750	-80,490379
6560,546875	-80,009384
6562,500000	-79,976074
6564,453125	-79,822433
6566,406250	-79,390999
6568,359375	-77,451653
6570,312500	-81,067703
6572,265625	-83,930458
6574,218750	-85,811996
6576,171875	-91,577583
6578,125000	-82,158257
6580,078125	-79,133156
6582,031250	-84,792900
6583,984375	-87,248840
6585,937500	-80,980362
6587,890625	-83,884674
6589,843750	-84,217690
6591,796875	-79,762161
6593,750000	-89,847969
6595,703125	-89,133316
6597,656250	-80,554306
6599,609375	-80,005791
6601,562500	-82,674385
6603,515625	-77,112228
6605,468750	-75,272926
6607,421875	-77,974358
6609,375000	-86,853981
6611,328125	-92,119514
6613,281250	-88,951324
6615,234375	-84,953407
6617,187500	-82,341316
6619,140625	-100,628845
6621,093750	-82,043335
6623,046875	-92,352379
6625,000000	-80,695938
6626,953125	-78,806519
6628,906250	-84,080063
6630,859375	-91,653244
6632,812500	-83,043495
6634,765625	-80,481865
6636,718750	-89,489670
6638,671875	-83,574890
6640,625000	-80,952827
6642,578125	-80,766953
6644,531250	-82,432465
6646,484375	-86,787178
6648,437500	-83,190979
6650,390625	-86,488052
6652,343750	-86,393677
6654,296875	-79,643188
6656,250000	-78,594109
6658,203125	-84,535721
6660,156250	-86,363785
6662,109375	-88,568001
6664,062500	-89,897408
6666,015625	-87,266060
6667,968750	-83,989433
6669,921875	-91,718040
6671,875000	-91,139442
6673,828125	-83,337288
6675,781250	-86,335487
6677,734375	-93,045555
6679,687500	-91,498924
6681,640625	-84,764084
6683,593750	-89,226295
6685,546875	-90,686432
6687,500000	-105,941803
6689,453125	-86,103745
6691,406250	-85,534157
6693,359375	-85,559967
6695,312500	-86,858551
6697,265625	-92,079353
6699,218750	-101,925873
6701,171875	-83,898727
6703,125000	-82,161919
6705,078125	-86,025826
6707,031250	-82,368500
6708,984375	-86,199516
6710,937500	-95,821358
6712,890625	-102,420387
6714,843750	-94,245178
6716,796875	-90,492340
6718,750000	-81,094452
6720,703125	-84,388031
6722,656250	-88,747322
6724,609375	-78,884521
6726,562500	-78,178909
6728,515625	-84,159447
6730,468750	-86,236954
6732,421875	-94,644638
6734,375000	-87,078590
6736,328125	-93,350533
6738,281250	-86,004143
6740,234375	-85,550621
6742,187500	-81,072975
6744,140625	-80,770805
6746,093750	-87,218781
6748,046875	-87,867126
6750,000000	-94,163498
6751,953125	-86,970085
6753,906250	-85,678879
6755,859375	-84,893593
6757,812500	-86,443710
6759,765625	-89,515106
6761,718750	-100,822166
6763,671875	-91,089317
6765,625000	-91,759583
6767,578125	-84,205444
6769,531250	-88,049431
6771,484375	-88,731728
6773,437500	-92,525658
6775,390625	-105,962524
6777,343750	-91,807495
6779,296875	-82,510704
6781,250000	-79,064941
6783,203125	-80,404274
6785,156250	-96,074951
6787,109375	-85,515640
6789,062500	-83,355682
6791,015625	-84,072250
6792,968750	-88,219269
6794,921875	-91,050606
6796,875000	-88,853462
6798,828125	-94,708549
6800,781250	-88,484489
6802,734375	-91,652290
6804,687500	-87,382309
6806,640625	-85,623734
6808,593750	-87,931702
6810,546875	-82,698112
6812,500000	-82,553001
6814,453125	-92,020477
6816,406250	-85,502022
6818,359375	-84,791016
6820,312500	-91,682953
6822,265625	-90,308060
6824,218750	-87,830200
6826,171875	-86,945854
6828,125000	-86,924835
6830,078125	-93,849869
6832,031250	-93,460464
6833,984375	-93,379051
6835,937500	-95,889732
6837,890625	-85,587791
6839,843750	-80,004242
6841,796875	-78,945084
6843,750000	-82,146996
6845,703125	-88,761284
6847,656250	-84,044945
6849,609375	-83,500839
6851,562500	-80,760498
6853,515625	-81,451355
6855,468750	-96,611893
6857,421875	-89,866631
6859,375000	-88,384491
6861,328125	-84,718872
6863,281250	-85,150894
6865,234375	-92,013039
6867,187500	-85,142097
6869,140625	-87,209648
6871,093750	-83,364738
6873,046875	-87,647018
6875,000000	-81,948524
6876,953125	-88,602074
6878,906250	-93,830917
6880,859375	-93,311462
6882,812500	-95,876167
6884,765625	-99,232399
6886,718750	-88,423386
6888,671875	-92,682114
6890,625000	-82,415344
6892,578125	-81,559868
6894,531250	-88,829361
6896,484375	-85,160492
6898,437500	-92,849701
6900,390625	-99,172089
6902,343750	-96,432175
6904,296875	-101,331673
6906,250000	-85,503273
6908,203125	-79,784821
6910,156250	-82,430901
6912,109375	-88,535095
6914,062500	-88,991066
6916,015625	-91,107475
6917,968750	-93,711945
6919,921875	-93,459564
6921,875000	-88,153496
6923,828125	-97,381065
6925,781250	-98,700958
6927,734375	-92,919899
6929,687500	-85,211052
6931,640625	-85,021843
6933,593750	-87,629288
6935,546875	-84,065430
6937,500000	-84,562866
6939,453125	-87,863632
6941,406250	-92,241943
6943,359375	-92,185776
6945,312500	-92,973412
6947,265625	-91,001045
6949,218750	-89,949303
6951,171875	-87,477798
6953,125000	-85,335060
6955,078125	-86,303780
6957,031250	-86,175377
6958,984375	-90,624306
6960,937500	-88,411476
6962,890625	-91,076492
6964,843750	-90,736580
6966,796875	-86,546997
6968,750000	-96,557663
6970,703125	-96,711266
6972,656250	-92,603523
6974,609375	-90,447105
6976,562500	-84,289993
6978,515625	-89,473679
6980,468750	-88,163719
6982,421875	-83,205429
6984,375000	-85,161255
6986,328125	-94,732735
6988,281250	-107,547363
6990,234375	-99,370033
6992,187500	-97,693542
6994,140625	-103,940903
6996,093750	-91,077431
6998,046875	-87,352547
7000,000000	-87,792313
7001,953125	-86,121651
7003,906250	-86,007317
7005,859375	-104,984596
7007,812500	-93,711227
7009,765625	-96,605400
7011,718750	-97,697426
7013,671875	-86,670570
7015,625000	-87,022247
7017,578125	-87,564651
7019,531250	-89,152664
7021,484375	-96,478722
7023,437500	-87,723106
7025,390625	-88,964211
7027,343750	-119,211693
7029,296875	-98,933548
7031,250000	-95,242874
7033,203125	-99,516022
7035,156250	-90,196022
7037,109375	-99,818115
7039,062500	-92,187050
7041,015625	-104,309097
7042,968750	-91,378410
7044,921875	-88,137245
7046,875000	-93,088020
7048,828125	-84,716255
7050,781250	-81,994202
7052,734375	-99,382263
7054,687500	-85,366547
7056,640625	-93,413635
7058,593750	-97,867661
7060,546875	-96,798096
7062,500000	-96,650040
7064,453125	-91,340424
7066,406250	-87,335114
7068,359375	-98,937004
7070,312500	-92,343781
7072,265625	-95,776596
7074,218750	-94,139763
7076,171875	-95,541481
7078,125000	-89,940010
7080,078125	-91,275963
7082,031250	-98,483566
7083,984375	-99,828651
7085,937500	-91,950432
7087,890625	-86,628227
7089,843750	-87,395058
7091,796875	-95,390633
7093,750000	-88,579445
7095,703125	-94,200928
7097,656250	-82,783638
7099,609375	-84,138336
7101,562500	-88,539436
7103,515625	-88,890030
7105,468750	-91,256676
7107,421875	-96,104919
7109,375000	-95,645210
7111,328125	-95,380569
7113,281250	-88,188416
7115,234375	-86,650215
7117,187500	-85,082726
7119,140625	-87,731812
7121,093750	-99,896706
7123,046875	-98,701553
7125,000000	-90,621780
7126,953125	-93,431725
7128,906250	-99,600403
7130,859375	-93,763542
7132,812500	-96,759193
7134,765625	-91,996796
7136,718750	-86,936546
7138,671875	-88,139107
7140,625000	-91,504807
7142,578125	-94,713593
7144,531250	-89,751900
7146,484375	-88,269218
7148,437500	-92,440834
7150,390625	-91,296959
7152,343750	-97,738014
7154,296875	-91,896286
7156,250000	-102,244247
7158,203125	-92,608047
7160,156250	-88,704689
7162,109375	-88,425659
7164,062500	-89,608826
7166,015625	-89,229408
7167,968750	-88,597656
7169,921875	-93,069092
7171,875000	-99,996254
7173,828125	-95,477577
7175,781250	-95,578415
7177,734375	-93,280663
7179,687500	-89,555519
7181,640625	-92,472900
7183,593750	-101,223816
7185,546875	-90,963936
7187,500000	-87,965042
7189,453125	-94,688339
7191,406250	-93,698303
7193,359375	-90,996727
7195,312500	-92,662392
7197,265625	-91,858192
7199,218750	-92,181908
7201,171875	-92,471321
7203,125000	-97,562241
7205,078125	-103,037712
7207,031250	-93,354492
7208,984375	-94,490677
7210,937500	-97,607491
7212,890625	-90,073189
7214,843750	-98,558540
7216,796875	-92,331108
7218,750000	-102,446320
7220,703125	-99,339554
7222,656250	-108,653389
7224,609375	-96,536926
7226,562500	-97,035507
7228,515625	-108,072403
7230,468750	-104,456001
7232,421875	-96,652061
7234,375000	-98,513046
7236,328125	-85,812416
7238,281250	-84,858032
7240,234375	-92,802719
7242,187500	-100,471924
7244,140625	-97,197441
7246,093750	-98,034218
7248,046875	-107,783936
7250,000000	-100,411362
7251,953125	-93,063370
7253,906250	-93,929131
7255,859375	-104,627388
7257,812500	-94,221199
7259,765625	-94,499023
7261,718750	-99,268242
7263,671875	-88,465790
7265,625000	-90,685127
7267,578125	-95,969482
7269,531250	-96,245827
7271,484375	-94,354988
7273,437500	-96,528717
7275,390625	-89,052872
7277,343750	-90,248871
7279,296875	-103,253868
7281,250000	-102,466476
7283,203125	-101,934242
7285,156250	-97,618408
7287,109375	-96,454216
7289,062500	-99,131851
7291,015625	-105,188202
7292,968750	-101,981331
7294,921875	-102,129669
7296,875000	-93,248360
7298,828125	-97,037567
7300,781250	-110,126106
7302,734375	-95,615944
7304,687500	-91,561775
7306,640625	-95,769539
7308,593750	-93,382690
7310,546875	-92,571587
7312,500000	-112,862579
7314,453125	-94,755417
7316,406250	-98,490143
7318,359375	-103,759521
7320,312500	-111,658531
7322,265625	-102,596794
7324,218750	-101,860641
7326,171875	-101,628174
7328,125000	-98,884682
7330,078125	-97,649178
7332,031250	-96,598793
7333,984375	-99,834831
7335,937500	-96,295082
7337,890625	-92,383850
7339,843750	-92,962196
7341,796875	-103,327667
7343,750000	-102,889633
7345,703125	-100,268105
7347,656250	-98,200089
7349,609375	-94,964706
7351,562500	-103,400978
7353,515625	-99,302483
7355,468750	-104,457809
7357,421875	-104,674789
7359,375000	-98,312363
7361,328125	-101,026443
7363,281250	-95,675652
7365,234375	-96,620193
7367,187500	-106,362167
7369,140625	-104,331261
7371,093750	-100,240105
7373,046875	-99,446671
7375,000000	-99,472084
7376,953125	-95,129913
7378,906250	-95,185631
7380,859375	-99,228432
7382,812500	-102,186974
7384,765625	-108,804482
7386,718750	-99,458931
7388,671875	-96,532478
7390,625000	-104,031586
7392,578125	-102,297638
7394,531250	-114,706039
7396,484375	-97,663239
7398,437500	-92,501198
7400,390625	-98,388588
7402,343750	-107,361725
7404,296875	-107,629929
7406,250000	-104,385376
7408,203125	-98,757469
7410,156250	-103,726074
7412,109375	-104,112915
7414,062500	-94,822411
7416,015625	-93,511894
7417,968750	-98,711876
7419,921875	-97,284721
7421,875000	-100,577202
7423,828125	-113,683388
7425,781250	-101,156456
7427,734375	-99,516441
7429,687500	-95,436928
7431,640625	-96,836632
7433,593750	-110,349770
7435,546875	-100,093262
7437,500000	-100,432426
7439,453125	-100,292450
7441,406250	-99,857056
7443,359375	-106,389999
7445,312500	-101,061302
7447,265625	-105,900475
7449,218750	-99,322472
7451,171875	-101,028397
7453,125000	-101,604286
7455,078125	-104,874428
7457,031250	-101,416161
7458,984375	-102,367828
7460,937500	-103,785629
7462,890625	-97,578133
7464,843750	-107,236374
7466,796875	-100,253075
7468,750000	-100,272949
7470,703125	-108,260582
7472,656250	-107,772682
7474,609375	-110,567024
7476,562500	-100,325829
7478,515625	-104,126198
7480,468750	-111,888153
7482,421875	-114,128006
7484,375000	-109,433548
7486,328125	-104,291573
7488,281250	-110,278397
7490,234375	-113,399460
7492,187500	-105,720711
7494,140625	-101,689888
7496,093750	-101,804619
7498,046875	-104,973740
7500,000000	-109,324005
7501,953125	-105,849861
7503,906250	-103,221085
7505,859375	-100,876678
7507,812500	-99,255127
7509,765625	-98,261185
7511,718750	-103,553749
7513,671875	-110,220314
7515,625000	-103,705750
7517,578125	-101,289635
7519,531250	-102,087029
7521,484375	-101,157562
7523,437500	-99,942711
7525,390625	-103,138382
7527,343750	-108,110062
7529,296875	-113,903503
7531,250000	-106,068741
7533,203125	-109,077713
7535,156250	-111,635620
7537,109375	-110,903564
7539,062500	-110,265930
7541,015625	-107,826202
7542,968750	-108,267929
7544,921875	-102,787315
7546,875000	-102,322998
7548,828125	-104,022331
7550,781250	-128,486298
7552,734375	-110,155998
7554,687500	-110,018394
7556,640625	-112,646935
7558,593750	-106,483955
7560,546875	-106,521042
7562,500000	-110,342606
7564,453125	-118,550880
7566,406250	-111,180344
7568,359375	-117,446487
7570,312500	-109,428024
7572,265625	-109,767067
7574,218750	-105,451180
7576,171875	-108,956207
7578,125000	-104,735954
7580,078125	-103,217262
7582,031250	-102,428581
7583,984375	-106,367424
7585,937500	-109,860901
7587,890625	-120,814186
7589,843750	-115,863808
7591,796875	-108,615395
7593,750000	-105,116562
7595,703125	-106,977753
7597,656250	-117,076935
7599,609375	-109,156502
7601,562500	-119,735313
7603,515625	-111,422058
7605,468750	-115,052811
7607,421875	-116,304688
7609,375000	-118,831772
7611,328125	-108,045776
7613,281250	-107,057343
7615,234375	-114,605377
7617,187500	-127,473351
7619,140625	-111,588554
7621,093750	-116,045364
7623,046875	-124,151604
7625,000000	-114,375443
7626,953125	-109,373795
7628,906250	-109,190353
7630,859375	-105,383766
7632,812500	-103,395920
7634,765625	-112,231384
7636,718750	-113,973061
7638,671875	-112,149292
7640,625000	-115,615021
7642,578125	-113,655243
7644,531250	-109,287598
7646,484375	-108,103874
7648,437500	-112,501190
7650,390625	-124,789810
7652,343750	-112,872169
7654,296875	-115,465584
7656,250000	-110,952332
7658,203125	-111,042183
7660,156250	-113,745697
7662,109375	-117,258865
7664,062500	-114,664940
7666,015625	-130,471466
7667,968750	-114,389641
7669,921875	-114,652252
7671,875000	-119,080353
7673,828125	-111,133644
7675,781250	-130,394623
7677,734375	-115,626419
7679,687500	-110,565193
7681,640625	-107,585503
7683,593750	-111,501015
7685,546875	-117,439247
7687,500000	-137,465408
7689,453125	-120,639153
7691,406250	-115,857323
7693,359375	-125,821777
7695,312500	-114,343407
7697,265625	-111,311905
7699,218750	-111,966759
7701,171875	-121,655968
7703,125000	-114,818695
7705,078125	-111,332069
7707,031250	-118,188515
7708,984375	-120,552078
7710,937500	-127,912430
7712,890625	-121,492973
7714,843750	-128,404343
7716,796875	-117,513481
7718,750000	-112,321243
7720,703125	-120,076073
7722,656250	-119,222557
7724,609375	-130,580582
7726,562500	-137,083389
7728,515625	-120,755554
7730,468750	-118,456459
7732,421875	-117,148193
7734,375000	-112,325317
7736,328125	-115,627167
7738,281250	-121,298439
7740,234375	-125,433205
7742,187500	-120,296837
7744,140625	-132,326981
7746,093750	-119,413269
7748,046875	-113,359779
7750,000000	-111,264076
7751,953125	-115,828606
7753,906250	-124,523102
7755,859375	-120,293991
7757,812500	-124,777786
7759,765625	-128,535492
7761,718750	-126,718307
7763,671875	-123,704727
7765,625000	-124,866356
7767,578125	-122,377594
7769,531250	-127,107521
7771,484375	-123,370384
7773,437500	-117,260963
7775,390625	-118,726677
7777,343750	-124,181793
7779,296875	-116,290443
7781,250000	-112,801155
7783,203125	-115,893990
7785,156250	-117,472137
7787,109375	-118,373268
7789,062500	-123,685448
7791,015625	-126,293480
7792,968750	-122,092773
7794,921875	-125,724197
7796,875000	-124,258232
7798,828125	-123,817863
7800,781250	-123,693108
7802,734375	-122,710678
7804,687500	-126,722412
7806,640625	-125,210388
7808,593750	-139,792496
7810,546875	-133,757202
7812,500000	-117,509140
7814,453125	-115,081871
7816,406250	-118,637329
7818,359375	-118,672089
7820,312500	-128,770523
7822,265625	-121,769379
7824,218750	-119,526115
7826,171875	-121,469055
7828,125000	-138,648270
7830,078125	-121,695244
7832,031250	-122,106056
7833,984375	-125,155655
7835,937500	-115,755615
7837,890625	-117,011429
7839,843750	-125,722542
7841,796875	-128,755844
7843,750000	-136,057983
7845,703125	-130,053040
7847,656250	-131,530426
7849,609375	-129,186676
7851,562500	-117,930458
7853,515625	-116,907181
7855,468750	-123,224792
7857,421875	-125,568810
7859,375000	-124,595222
7861,328125	-123,984039
7863,281250	-126,671982
7865,234375	-125,523476
7867,187500	-122,056961
7869,140625	-136,634201
7871,093750	-123,802498
7873,046875	-146,647537
7875,000000	-125,879364
7876,953125	-129,091827
7878,906250	-135,207199
7880,859375	-128,100510
7882,812500	-136,869995
7884,765625	-128,104553
7886,718750	-123,618904
7888,671875	-125,693222
7890,625000	-136,735397
7892,578125	-125,771492
7894,531250	-121,248100
7896,484375	-119,204620
7898,437500	-122,292526
7900,390625	-127,324074
7902,343750	-125,815086
7904,296875	-123,155876
7906,250000	-128,742615
7908,203125	-125,833572
7910,156250	-120,629494
7912,109375	-120,250114
7914,062500	-129,166779
7916,015625	-129,146149
7917,968750	-131,342346
7919,921875	-121,668449
7921,875000	-122,325233
7923,828125	-123,015663
7925,781250	-125,257263
7927,734375	-129,109421
7929,687500	-124,585167
7931,640625	-125,365395
7933,593750	-123,908615
7935,546875	-119,976791
7937,500000	-121,490852
7939,453125	-124,567101
7941,406250	-125,429413
7943,359375	-123,815376
7945,312500	-126,905251
7947,265625	-123,927071
7949,218750	-131,034973
7951,171875	-123,235176
7953,125000	-124,381485
7955,078125	-120,985550
7957,031250	-126,234795
7958,984375	-139,344818
7960,937500	-131,385681
7962,890625	-138,003403
7964,843750	-129,953323
7966,796875	-122,183121
7968,750000	-121,177505
7970,703125	-132,010971
7972,656250	-137,925034
7974,609375	-125,501480
7976,562500	-120,581009
7978,515625	-120,183136
7980,468750	-121,992592
7982,421875	-140,605743
7984,375000	-123,398331
7986,328125	-122,648064
7988,281250	-122,681145
7990,234375	-123,629036
7992,187500	-123,364998
7994,140625	-120,945206
7996,093750	-125,913231
7998,046875	-127,637886
