Fréquence (Hz)	Niveau (dB)
3,906250	-87,254318
7,812500	-79,211861
11,718750	-77,242912
15,625000	-79,433563
19,531250	-77,689217
23,437500	-77,656776
27,343750	-80,091064
31,250000	-83,442734
35,156250	-89,173004
39,062500	-85,631592
42,968750	-90,761230
46,875000	-96,161942
50,781250	-99,032143
54,687500	-91,316406
58,593750	-82,996407
62,500000	-79,512650
66,406250	-79,695877
70,312500	-78,009377
74,218750	-74,927757
78,125000	-70,406013
82,031250	-70,625938
85,937500	-76,449638
89,843750	-67,450989
93,750000	-66,023201
97,656250	-70,801666
101,562500	-74,306206
105,468750	-69,053307
109,375000	-65,981300
113,281250	-63,969425
117,187500	-70,304871
121,093750	-68,965683
125,000000	-72,708549
128,906250	-64,348701
132,812500	-64,299484
136,718750	-67,022415
140,625000	-66,930283
144,531250	-65,429047
148,437500	-65,914909
152,343750	-66,667023
156,250000	-65,846741
160,156250	-71,212036
164,062500	-68,169823
167,968750	-63,241932
171,875000	-64,715652
175,781250	-67,500298
179,687500	-67,839539
183,593750	-68,035728
187,500000	-69,306564
191,406250	-78,223160
195,312500	-70,986404
199,218750	-72,148155
203,125000	-76,025581
207,031250	-68,094238
210,937500	-67,199631
214,843750	-66,138145
218,750000	-64,020432
222,656250	-65,398056
226,562500	-71,307205
230,468750	-69,270935
234,375000	-69,960243
238,281250	-67,884850
242,187500	-67,802872
246,093750	-66,622253
250,000000	-70,602669
253,906250	-73,886353
257,812500	-70,584114
261,718750	-69,876953
265,625000	-68,692924
269,531250	-66,679001
273,437500	-77,824104
277,343750	-71,691521
281,250000	-67,859085
285,156250	-76,780296
289,062500	-68,192207
292,968750	-65,841255
296,875000	-65,453369
300,781250	-64,604309
304,687500	-69,281212
308,593750	-66,799294
312,500000	-66,063972
316,406250	-69,391960
320,312500	-70,573257
324,218750	-66,419708
328,125000	-66,729874
332,031250	-78,597771
335,937500	-72,451233
339,843750	-65,275810
343,750000	-66,282593
347,656250	-74,624084
351,562500	-79,368675
355,468750	-70,417862
359,375000	-68,262650
363,281250	-73,906929
367,187500	-81,571846
371,093750	-69,822906
375,000000	-68,279472
378,906250	-66,230476
382,812500	-68,642570
386,718750	-69,246185
390,625000	-72,384613
394,531250	-68,808815
398,437500	-67,611534
402,343750	-75,761803
406,250000	-69,277504
410,156250	-69,402908
414,062500	-74,359344
417,968750	-68,513969
421,875000	-65,983078
425,781250	-70,657265
429,687500	-74,074486
433,593750	-71,783989
437,500000	-67,848938
441,406250	-69,335693
445,312500	-74,613388
449,218750	-81,643562
453,125000	-73,739708
457,031250	-69,575569
460,937500	-71,593842
464,843750	-67,698982
468,750000	-72,360146
472,656250	-70,110703
476,562500	-67,359619
480,468750	-75,376640
484,375000	-72,745865
488,281250	-68,294037
492,187500	-71,771614
496,093750	-69,484711
500,000000	-67,249100
503,906250	-67,109428
507,812500	-68,353706
511,718750	-76,714523
515,625000	-69,564896
519,531250	-70,014488
523,437500	-71,767159
527,343750	-76,109711
531,250000	-76,392166
535,156250	-70,840912
539,062500	-68,255348
542,968750	-69,931824
546,875000	-69,978714
550,781250	-72,994453
554,687500	-73,178650
558,593750	-69,444748
562,500000	-74,169632
566,406250	-75,932076
570,312500	-71,154030
574,218750	-68,455292
578,125000	-68,443192
582,031250	-68,507324
585,937500	-69,358688
589,843750	-74,143463
593,750000	-81,706535
597,656250	-73,831352
601,562500	-69,254318
605,468750	-71,314873
609,375000	-68,599586
613,281250	-68,813919
617,187500	-74,697220
621,093750	-71,479042
625,000000	-69,194710
628,906250	-71,019707
632,812500	-70,029533
636,718750	-68,897362
640,625000	-82,540489
644,531250	-74,903053
648,437500	-69,612869
652,343750	-67,379868
656,250000	-69,364601
660,156250	-70,908791
664,062500	-68,873596
667,968750	-68,319748
671,875000	-69,184273
675,781250	-70,608444
679,687500	-69,835411
683,593750	-69,081436
687,500000	-70,873184
691,406250	-69,712685
695,312500	-74,362747
699,218750	-69,015831
703,125000	-70,224915
707,031250	-74,772545
710,937500	-72,898491
714,843750	-71,161240
718,750000	-69,102150
722,656250	-72,920639
726,562500	-72,260582
730,468750	-69,510574
734,375000	-64,601318
738,281250	-66,453926
742,187500	-70,647675
746,093750	-71,961472
750,000000	-75,312119
753,906250	-75,380417
757,812500	-70,649582
761,718750	-70,045700
765,625000	-72,976013
769,531250	-88,812782
773,437500	-80,028664
777,343750	-76,651077
781,250000	-71,435883
785,156250	-69,493034
789,062500	-74,199837
792,968750	-75,323341
796,875000	-74,754623
800,781250	-78,818970
804,687500	-70,165764
808,593750	-72,952896
812,500000	-73,664658
816,406250	-70,581841
820,312500	-68,092499
824,218750	-63,169640
828,125000	-59,164539
832,031250	-57,666973
835,937500	-58,655487
839,843750	-62,737194
843,750000	-59,885715
847,656250	-59,754143
851,562500	-57,873623
855,468750	-63,506371
859,375000	-62,264439
863,281250	-62,661892
867,187500	-62,476276
871,093750	-57,307648
875,000000	-50,947701
878,906250	-48,707478
882,812500	-49,861153
886,718750	-48,463497
890,625000	-48,035381
894,531250	-50,280708
898,437500	-55,093964
902,343750	-57,109150
906,250000	-62,990234
910,156250	-75,231995
914,062500	-72,709702
917,968750	-70,253960
921,875000	-71,637444
925,781250	-70,136230
929,687500	-66,341049
933,593750	-67,475624
937,500000	-69,643333
941,406250	-72,978081
945,312500	-83,060776
949,218750	-70,361977
953,125000	-71,421997
957,031250	-82,992592
960,937500	-70,389160
964,843750	-71,317566
968,750000	-70,806862
972,656250	-71,083382
976,562500	-70,059845
980,468750	-72,959679
984,375000	-74,429489
988,281250	-74,005264
992,187500	-73,756294
996,093750	-69,775581
1000,000000	-72,463707
1003,906250	-73,182701
1007,812500	-71,111565
1011,718750	-71,496635
1015,625000	-74,311394
1019,531250	-69,624451
1023,437500	-67,608788
1027,343750	-72,958733
1031,250000	-75,236176
1035,156250	-75,085915
1039,062500	-71,133369
1042,968750	-69,100166
1046,875000	-68,396217
1050,781250	-72,432579
1054,687500	-71,055595
1058,593750	-71,951569
1062,500000	-76,184914
1066,406250	-83,622009
1070,312500	-76,293678
1074,218750	-70,514572
1078,125000	-72,157021
1082,031250	-73,672165
1085,937500	-71,619263
1089,843750	-75,578423
1093,750000	-78,983459
1097,656250	-73,501190
1101,562500	-73,020744
1105,468750	-73,304131
1109,375000	-71,490280
1113,281250	-73,757935
1117,187500	-70,797363
1121,093750	-71,522781
1125,000000	-77,912270
1128,906250	-72,882698
1132,812500	-69,551987
1136,718750	-69,959671
1140,625000	-70,655533
1144,531250	-78,401237
1148,437500	-76,609863
1152,343750	-78,636826
1156,250000	-76,721710
1160,156250	-74,466415
1164,062500	-70,349525
1167,968750	-68,872650
1171,875000	-73,757698
1175,781250	-71,149506
1179,687500	-72,269478
1183,593750	-70,377464
1187,500000	-76,106094
1191,406250	-70,967384
1195,312500	-72,060188
1199,218750	-72,127258
1203,125000	-73,761032
1207,031250	-69,452377
1210,937500	-70,855598
1214,843750	-75,469917
1218,750000	-80,328781
1222,656250	-73,301582
1226,562500	-69,816338
1230,468750	-71,038689
1234,375000	-72,548805
1238,281250	-77,803207
1242,187500	-69,597366
1246,093750	-68,758675
1250,000000	-70,283043
1253,906250	-69,851074
1257,812500	-70,975250
1261,718750	-75,766800
1265,625000	-70,956039
1269,531250	-67,905357
1273,437500	-75,463646
1277,343750	-77,077316
1281,250000	-72,555328
1285,156250	-71,620644
1289,062500	-79,782883
1292,968750	-70,564110
1296,875000	-70,145279
1300,781250	-72,095192
1304,687500	-75,365303
1308,593750	-80,463097
1312,500000	-77,112976
1316,406250	-73,376961
1320,312500	-75,136093
1324,218750	-74,047653
1328,125000	-74,490692
1332,031250	-72,390907
1335,937500	-70,103294
1339,843750	-69,698257
1343,750000	-74,539520
1347,656250	-77,948914
1351,562500	-91,383118
1355,468750	-75,565483
1359,375000	-80,465904
1363,281250	-70,870483
1367,187500	-74,641006
1371,093750	-74,743240
1375,000000	-70,426071
1378,906250	-70,103333
1382,812500	-73,622551
1386,718750	-78,143242
1390,625000	-73,934219
1394,531250	-72,174370
1398,437500	-80,019630
1402,343750	-77,061058
1406,250000	-75,043892
1410,156250	-68,622711
1414,062500	-69,127556
1417,968750	-74,125160
1421,875000	-75,458038
1425,781250	-69,068657
1429,687500	-69,186501
1433,593750	-73,730484
1437,500000	-74,085945
1441,406250	-73,827431
1445,312500	-71,338005
1449,218750	-70,353317
1453,125000	-72,349693
1457,031250	-79,833939
1460,937500	-72,503319
1464,843750	-70,664261
1468,750000	-73,721550
1472,656250	-75,544754
1476,562500	-76,815193
1480,468750	-70,458168
1484,375000	-71,013390
1488,281250	-78,803352
1492,187500	-72,367111
1496,093750	-72,818504
1500,000000	-72,540733
1503,906250	-69,483147
1507,812500	-74,983841
1511,718750	-79,597649
1515,625000	-76,173958
1519,531250	-74,980438
1523,437500	-73,345276
1527,343750	-77,897972
1531,250000	-79,750168
1535,156250	-76,731720
1539,062500	-76,854576
1542,968750	-73,151695
1546,875000	-70,544754
1550,781250	-69,080261
1554,687500	-73,599808
1558,593750	-95,596344
1562,500000	-77,361961
1566,406250	-76,813133
1570,312500	-70,262260
1574,218750	-67,356110
1578,125000	-68,232597
1582,031250	-76,994560
1585,937500	-77,950531
1589,843750	-71,481239
1593,750000	-71,596245
1597,656250	-77,342140
1601,562500	-73,422562
1605,468750	-72,391090
1609,375000	-70,641075
1613,281250	-73,821640
1617,187500	-70,107414
1621,093750	-69,373489
1625,000000	-68,829399
1628,906250	-69,401024
1632,812500	-69,629227
1636,718750	-70,703094
1640,625000	-70,913574
1644,531250	-71,745392
1648,437500	-71,858543
1652,343750	-67,393471
1656,250000	-66,706177
1660,156250	-69,758118
1664,062500	-71,162285
1667,968750	-72,190437
1671,875000	-73,414810
1675,781250	-70,519058
1679,687500	-69,087357
1683,593750	-72,346809
1687,500000	-73,093445
1691,406250	-76,493477
1695,312500	-71,480682
1699,218750	-75,775002
1703,125000	-72,494843
1707,031250	-71,525055
1710,937500	-70,336243
1714,843750	-73,087425
1718,750000	-74,984589
1722,656250	-69,141335
1726,562500	-70,280281
1730,468750	-66,963081
1734,375000	-64,267586
1738,281250	-65,287804
1742,187500	-61,296078
1746,093750	-60,574009
1750,000000	-55,961452
1753,906250	-54,960384
1757,812500	-50,823635
1761,718750	-53,773464
1765,625000	-52,991810
1769,531250	-52,319431
1773,437500	-56,683537
1777,343750	-55,924477
1781,250000	-48,956264
1785,156250	-48,452457
1789,062500	-48,888130
1792,968750	-50,399925
1796,875000	-55,367538
1800,781250	-60,139893
1804,687500	-64,375008
1808,593750	-64,127914
1812,500000	-66,570541
1816,406250	-72,701675
1820,312500	-70,065399
1824,218750	-77,375694
1828,125000	-70,474976
1832,031250	-76,177605
1835,937500	-72,758278
1839,843750	-77,424316
1843,750000	-70,641647
1847,656250	-71,018959
1851,562500	-69,965385
1855,468750	-70,412987
1859,375000	-68,851311
1863,281250	-70,247330
1867,187500	-73,711853
1871,093750	-71,541344
1875,000000	-73,814972
1878,906250	-75,444939
1882,812500	-73,459785
1886,718750	-72,364487
1890,625000	-78,956581
1894,531250	-68,194382
1898,437500	-69,678703
1902,343750	-73,837555
1906,250000	-85,541832
1910,156250	-76,378578
1914,062500	-70,189255
1917,968750	-67,659584
1921,875000	-71,709984
1925,781250	-79,412849
1929,687500	-69,101746
1933,593750	-67,469040
1937,500000	-71,207657
1941,406250	-73,515610
1945,312500	-70,892921
1949,218750	-74,282089
1953,125000	-80,643486
1957,031250	-72,030991
1960,937500	-70,349060
1964,843750	-71,115486
1968,750000	-71,267715
1972,656250	-73,031715
1976,562500	-71,971687
1980,468750	-72,184631
1984,375000	-74,980331
1988,281250	-81,503334
1992,187500	-72,719963
1996,093750	-70,970337
2000,000000	-74,911041
2003,906250	-77,102463
2007,812500	-71,441841
2011,718750	-72,010529
2015,625000	-74,158142
2019,531250	-74,942902
2023,437500	-76,093330
2027,343750	-78,260490
2031,250000	-76,117737
2035,156250	-79,732079
2039,062500	-73,568901
2042,968750	-79,994049
2046,875000	-73,471039
2050,781250	-69,643509
2054,687500	-68,229446
2058,593750	-74,310226
2062,500000	-83,537132
2066,406250	-81,032700
2070,312500	-79,621086
2074,218750	-74,443382
2078,125000	-81,466148
2082,031250	-78,846687
2085,937500	-77,516922
2089,843750	-75,472267
2093,750000	-76,092148
2097,656250	-75,116936
2101,562500	-73,827492
2105,468750	-71,909531
2109,375000	-74,982986
2113,281250	-76,546814
2117,187500	-72,241249
2121,093750	-72,541229
2125,000000	-70,105011
2128,906250	-73,090050
2132,812500	-77,021019
2136,718750	-73,827164
2140,625000	-83,560631
2144,531250	-78,276466
2148,437500	-77,007202
2152,343750	-72,441978
2156,250000	-76,007164
2160,156250	-80,467957
2164,062500	-75,031898
2167,968750	-73,632057
2171,875000	-70,385918
2175,781250	-71,962227
2179,687500	-78,436615
2183,593750	-82,668549
2187,500000	-78,003853
2191,406250	-73,999191
2195,312500	-73,607994
2199,218750	-72,582748
2203,125000	-77,150650
2207,031250	-77,968307
2210,937500	-79,978836
2214,843750	-84,616783
2218,750000	-75,933968
2222,656250	-73,106712
2226,562500	-73,866600
2230,468750	-71,847778
2234,375000	-69,863800
2238,281250	-70,542908
2242,187500	-77,170776
2246,093750	-79,786774
2250,000000	-73,812790
2253,906250	-70,995377
2257,812500	-70,986679
2261,718750	-74,785683
2265,625000	-81,477234
2269,531250	-73,621529
2273,437500	-72,001045
2277,343750	-72,410568
2281,250000	-77,672607
2285,156250	-73,293854
2289,062500	-72,281265
2292,968750	-72,440262
2296,875000	-72,582748
2300,781250	-78,244110
2304,687500	-76,962502
2308,593750	-71,682549
2312,500000	-74,043571
2316,406250	-76,685135
2320,312500	-79,275856
2324,218750	-79,322250
2328,125000	-72,072411
2332,031250	-73,300026
2335,937500	-76,978668
2339,843750	-79,430939
2343,750000	-77,174896
2347,656250	-72,137497
2351,562500	-69,377602
2355,468750	-71,503159
2359,375000	-73,169594
2363,281250	-70,010712
2367,187500	-72,221558
2371,093750	-77,750000
2375,000000	-74,984894
2378,906250	-75,875992
2382,812500	-76,177597
2386,718750	-78,484604
2390,625000	-74,344734
2394,531250	-73,470291
2398,437500	-70,341721
2402,343750	-73,185699
2406,250000	-78,390640
2410,156250	-80,744843
2414,062500	-73,617081
2417,968750	-74,215836
2421,875000	-76,947655
2425,781250	-76,266655
2429,687500	-75,342758
2433,593750	-74,269302
2437,500000	-74,730255
2441,406250	-74,777077
2445,312500	-75,694374
2449,218750	-74,425636
2453,125000	-75,038834
2457,031250	-72,979179
2460,937500	-71,049217
2464,843750	-75,649483
2468,750000	-75,954956
2472,656250	-75,812775
2476,562500	-79,652405
2480,468750	-82,281067
2484,375000	-72,912643
2488,281250	-76,311554
2492,187500	-78,765793
2496,093750	-76,091049
2500,000000	-73,302437
2503,906250	-74,080437
2507,812500	-83,809395
2511,718750	-79,186691
2515,625000	-75,469170
2519,531250	-77,481712
2523,437500	-77,517441
2527,343750	-76,207939
2531,250000	-74,964607
2535,156250	-77,667763
2539,062500	-72,527351
2542,968750	-69,128151
2546,875000	-68,847214
2550,781250	-76,150520
2554,687500	-71,667061
2558,593750	-69,821831
2562,500000	-70,393372
2566,406250	-69,552322
2570,312500	-74,659897
2574,218750	-84,311569
2578,125000	-82,547752
2582,031250	-75,337845
2585,937500	-73,429123
2589,843750	-75,909332
2593,750000	-75,474121
2597,656250	-79,133476
2601,562500	-73,284912
2605,468750	-72,244514
2609,375000	-79,413467
2613,281250	-72,138657
2617,187500	-71,145493
2621,093750	-69,376961
2625,000000	-73,390259
2628,906250	-74,469040
2632,812500	-72,914474
2636,718750	-82,736862
2640,625000	-78,225937
2644,531250	-76,643280
2648,437500	-77,032532
2652,343750	-77,477196
2656,250000	-85,472626
2660,156250	-73,766579
2664,062500	-71,114113
2667,968750	-71,170219
2671,875000	-75,181633
2675,781250	-76,503342
2679,687500	-69,513329
2683,593750	-69,531136
2687,500000	-71,712234
2691,406250	-71,728683
2695,312500	-73,369881
2699,218750	-74,515549
2703,125000	-74,029785
2707,031250	-78,378662
2710,937500	-80,316628
2714,843750	-79,888245
2718,750000	-77,299957
2722,656250	-74,167404
2726,562500	-75,808464
2730,468750	-77,286980
2734,375000	-70,817886
2738,281250	-82,933495
2742,187500	-72,182388
2746,093750	-69,844391
2750,000000	-72,160217
2753,906250	-83,278366
2757,812500	-83,143379
2761,718750	-79,123955
2765,625000	-74,407280
2769,531250	-78,514908
2773,437500	-74,013115
2777,343750	-72,963783
2781,250000	-77,961464
2785,156250	-78,608444
2789,062500	-76,441742
2792,968750	-74,848091
2796,875000	-78,375938
2800,781250	-75,262047
2804,687500	-73,278175
2808,593750	-76,307114
2812,500000	-78,672432
2816,406250	-76,059578
2820,312500	-81,735893
2824,218750	-79,707344
2828,125000	-72,202003
2832,031250	-70,423058
2835,937500	-72,415192
2839,843750	-77,229950
2843,750000	-73,551216
2847,656250	-73,943413
2851,562500	-73,615593
2855,468750	-71,143326
2859,375000	-69,046257
2863,281250	-68,867134
2867,187500	-72,888382
2871,093750	-75,807022
2875,000000	-69,811768
2878,906250	-67,765976
2882,812500	-73,009789
2886,718750	-73,720421
2890,625000	-79,482361
2894,531250	-73,677963
2898,437500	-71,790169
2902,343750	-74,988220
2906,250000	-73,395920
2910,156250	-73,087433
2914,062500	-74,740318
2917,968750	-79,646477
2921,875000	-73,076584
2925,781250	-74,000008
2929,687500	-77,511566
2933,593750	-76,441566
2937,500000	-73,731133
2941,406250	-72,410873
2945,312500	-72,162163
2949,218750	-77,190643
2953,125000	-80,708328
2957,031250	-73,625763
2960,937500	-70,392738
2964,843750	-72,736855
2968,750000	-73,538712
2972,656250	-73,545319
2976,562500	-74,770325
2980,468750	-76,284195
2984,375000	-79,328651
2988,281250	-71,984528
2992,187500	-72,044952
2996,093750	-71,117096
3000,000000	-68,954369
3003,906250	-76,449310
3007,812500	-72,976685
3011,718750	-73,807167
3015,625000	-77,012741
3019,531250	-77,924408
3023,437500	-77,462051
3027,343750	-76,881767
3031,250000	-77,502235
3035,156250	-74,208870
3039,062500	-79,587334
3042,968750	-83,952415
3046,875000	-77,169502
3050,781250	-75,265594
3054,687500	-77,409515
3058,593750	-71,752594
3062,500000	-73,694183
3066,406250	-75,522812
3070,312500	-73,139366
3074,218750	-77,769516
3078,125000	-74,284721
3082,031250	-77,671417
3085,937500	-81,593582
3089,843750	-73,465805
3093,750000	-71,739006
3097,656250	-75,009521
3101,562500	-76,266464
3105,468750	-73,773499
3109,375000	-73,033577
3113,281250	-80,139496
3117,187500	-74,723946
3121,093750	-70,328018
3125,000000	-73,805023
3128,906250	-79,336929
3132,812500	-78,770027
3136,718750	-76,361557
3140,625000	-78,475067
3144,531250	-79,662308
3148,437500	-84,330475
3152,343750	-78,670555
3156,250000	-71,803352
3160,156250	-73,867119
3164,062500	-76,387794
3167,968750	-78,881836
3171,875000	-78,058281
3175,781250	-75,856407
3179,687500	-77,949455
3183,593750	-80,036423
3187,500000	-77,967865
3191,406250	-75,105431
3195,312500	-74,056969
3199,218750	-78,244400
3203,125000	-75,207260
3207,031250	-71,303658
3210,937500	-70,960007
3214,843750	-73,796982
3218,750000	-77,854240
3222,656250	-73,359512
3226,562500	-72,709267
3230,468750	-76,053406
3234,375000	-79,242012
3238,281250	-77,172607
3242,187500	-76,156792
3246,093750	-73,786438
3250,000000	-74,864388
3253,906250	-77,519165
3257,812500	-76,664078
3261,718750	-77,552086
3265,625000	-82,329689
3269,531250	-77,921349
3273,437500	-78,298698
3277,343750	-80,991898
3281,250000	-75,654243
3285,156250	-76,687584
3289,062500	-84,611717
3292,968750	-78,724777
3296,875000	-74,933868
3300,781250	-76,123444
3304,687500	-79,183075
3308,593750	-81,924789
3312,500000	-77,366425
3316,406250	-73,237770
3320,312500	-73,656960
3324,218750	-76,782349
3328,125000	-77,346657
3332,031250	-74,541023
3335,937500	-74,357307
3339,843750	-74,848434
3343,750000	-72,102882
3347,656250	-76,750725
3351,562500	-81,293198
3355,468750	-80,307274
3359,375000	-74,310913
3363,281250	-72,953232
3367,187500	-73,570709
3371,093750	-74,357231
3375,000000	-74,058578
3378,906250	-72,679108
3382,812500	-69,055962
3386,718750	-70,202888
3390,625000	-79,234909
3394,531250	-79,520676
3398,437500	-77,101105
3402,343750	-73,378998
3406,250000	-76,080986
3410,156250	-78,076408
3414,062500	-79,818344
3417,968750	-79,385483
3421,875000	-75,118919
3425,781250	-70,912155
3429,687500	-68,930061
3433,593750	-76,502060
3437,500000	-72,712212
3441,406250	-73,629150
3445,312500	-70,575356
3449,218750	-71,408562
3453,125000	-75,328407
3457,031250	-74,927643
3460,937500	-73,348602
3464,843750	-77,362183
3468,750000	-72,755493
3472,656250	-70,106743
3476,562500	-74,839905
3480,468750	-75,195450
3484,375000	-74,400803
3488,281250	-75,174156
3492,187500	-83,665115
3496,093750	-75,902634
3500,000000	-77,333916
3503,906250	-77,169022
3507,812500	-74,831390
3511,718750	-70,695343
3515,625000	-72,610458
3519,531250	-75,267174
3523,437500	-76,092018
3527,343750	-72,641579
3531,250000	-75,904442
3535,156250	-72,930931
3539,062500	-69,221390
3542,968750	-75,161407
3546,875000	-77,831451
3550,781250	-77,747704
3554,687500	-75,979607
3558,593750	-72,656189
3562,500000	-70,686775
3566,406250	-72,980995
3570,312500	-70,504608
3574,218750	-73,423615
3578,125000	-71,703468
3582,031250	-69,945038
3585,937500	-67,062897
3589,843750	-76,318962
3593,750000	-72,252563
3597,656250	-78,196777
3601,562500	-69,777184
3605,468750	-74,724945
3609,375000	-76,254219
3613,281250	-74,579552
3617,187500	-76,608650
3621,093750	-73,799026
3625,000000	-76,236542
3628,906250	-83,028000
3632,812500	-77,555000
3636,718750	-74,465080
3640,625000	-80,310371
3644,531250	-78,321068
3648,437500	-81,657249
3652,343750	-76,509239
3656,250000	-84,146301
3660,156250	-79,174332
3664,062500	-76,044380
3667,968750	-73,038994
3671,875000	-69,677742
3675,781250	-73,920692
3679,687500	-72,135323
3683,593750	-73,759384
3687,500000	-76,658005
3691,406250	-74,532791
3695,312500	-79,172897
3699,218750	-76,098404
3703,125000	-75,751976
3707,031250	-76,078087
3710,937500	-75,446533
3714,843750	-76,741470
3718,750000	-76,019547
3722,656250	-72,054169
3726,562500	-73,313332
3730,468750	-72,885567
3734,375000	-77,559250
3738,281250	-73,740250
3742,187500	-69,294785
3746,093750	-73,933456
3750,000000	-78,409660
3753,906250	-73,095116
3757,812500	-73,039154
3761,718750	-79,494087
3765,625000	-77,851158
3769,531250	-74,911499
3773,437500	-78,705780
3777,343750	-78,321503
3781,250000	-82,456360
3785,156250	-79,951851
3789,062500	-77,690620
3792,968750	-80,406960
3796,875000	-83,552582
3800,781250	-80,651421
3804,687500	-87,646049
3808,593750	-80,954086
3812,500000	-76,459351
3816,406250	-72,658394
3820,312500	-74,830841
3824,218750	-80,930305
3828,125000	-80,270821
3832,031250	-79,366493
3835,937500	-75,898094
3839,843750	-72,760056
3843,750000	-71,059959
3847,656250	-77,104576
3851,562500	-71,986824
3855,468750	-71,122902
3859,375000	-74,637764
3863,281250	-77,167389
3867,187500	-77,443764
3871,093750	-73,377106
3875,000000	-70,238037
3878,906250	-78,304535
3882,812500	-79,015923
3886,718750	-87,471313
3890,625000	-73,794685
3894,531250	-70,096657
3898,437500	-74,756516
3902,343750	-73,765167
3906,250000	-72,603203
3910,156250	-75,176285
3914,062500	-81,250023
3917,968750	-72,206024
3921,875000	-71,898056
3925,781250	-81,904945
3929,687500	-82,764771
3933,593750	-80,803391
3937,500000	-81,168327
3941,406250	-72,950630
3945,312500	-76,381348
3949,218750	-78,152664
3953,125000	-74,251297
3957,031250	-71,477966
3960,937500	-70,334694
3964,843750	-71,349312
3968,750000	-71,333809
3972,656250	-76,394447
3976,562500	-89,045105
3980,468750	-77,981819
3984,375000	-74,279060
3988,281250	-73,731926
3992,187500	-72,888206
3996,093750	-73,827110
4000,000000	-76,320885
4003,906250	-78,143990
4007,812500	-83,521759
4011,718750	-78,231544
4015,625000	-76,943100
4019,531250	-75,409378
4023,437500	-75,379982
4027,343750	-77,599403
4031,250000	-76,359871
4035,156250	-78,175293
4039,062500	-78,571709
4042,968750	-77,639122
4046,875000	-75,956360
4050,781250	-72,026245
4054,687500	-71,655518
4058,593750	-74,162422
4062,500000	-75,111847
4066,406250	-72,940605
4070,312500	-73,328796
4074,218750	-76,451340
4078,125000	-75,941086
4082,031250	-75,368065
4085,937500	-76,559402
4089,843750	-76,732658
4093,750000	-73,567589
4097,656250	-72,914215
4101,562500	-80,006973
4105,468750	-77,318977
4109,375000	-72,593742
4113,281250	-73,997940
4117,187500	-74,902901
4121,093750	-73,753899
4125,000000	-70,405273
4128,906250	-72,545341
4132,812500	-70,771263
4136,718750	-70,698906
4140,625000	-75,022987
4144,531250	-77,611710
4148,437500	-81,012779
4152,343750	-79,638336
4156,250000	-74,827667
4160,156250	-78,543831
4164,062500	-79,144897
4167,968750	-77,322113
4171,875000	-76,313011
4175,781250	-75,108658
4179,687500	-76,852364
4183,593750	-75,943260
4187,500000	-75,594200
4191,406250	-77,436493
4195,312500	-78,908394
4199,218750	-79,380997
4203,125000	-76,164597
4207,031250	-72,200119
4210,937500	-75,617348
4214,843750	-82,518600
4218,750000	-80,068283
4222,656250	-84,990486
4226,562500	-80,145332
4230,468750	-73,350609
4234,375000	-75,845917
4238,281250	-76,430367
4242,187500	-80,949646
4246,093750	-83,352859
4250,000000	-75,518005
4253,906250	-72,246071
4257,812500	-76,632004
4261,718750	-78,561188
4265,625000	-87,251747
4269,531250	-77,377014
4273,437500	-75,406693
4277,343750	-74,234177
4281,250000	-80,992950
4285,156250	-77,538132
4289,062500	-75,527893
4292,968750	-78,431816
4296,875000	-81,989281
4300,781250	-81,113098
4304,687500	-79,703392
4308,593750	-76,002243
4312,500000	-74,911308
4316,406250	-76,198929
4320,312500	-77,883682
4324,218750	-77,989052
4328,125000	-76,309181
4332,031250	-74,829887
4335,937500	-78,467438
4339,843750	-82,329178
4343,750000	-79,900368
4347,656250	-74,480675
4351,562500	-69,233398
4355,468750	-73,283348
4359,375000	-75,190414
4363,281250	-78,730042
4367,187500	-75,568794
4371,093750	-82,758049
4375,000000	-78,546692
4378,906250	-79,456497
4382,812500	-75,975121
4386,718750	-81,936699
4390,625000	-77,067871
4394,531250	-73,899239
4398,437500	-76,369186
4402,343750	-81,586166
4406,250000	-80,656952
4410,156250	-76,303207
4414,062500	-78,487999
4417,968750	-81,470245
4421,875000	-71,136337
4425,781250	-75,989021
4429,687500	-73,254250
4433,593750	-76,331306
4437,500000	-83,662796
4441,406250	-75,453545
4445,312500	-80,230011
4449,218750	-73,557503
4453,125000	-75,959045
4457,031250	-75,859421
4460,937500	-82,350418
4464,843750	-70,657608
4468,750000	-68,448578
4472,656250	-75,369705
4476,562500	-71,888962
4480,468750	-70,218178
4484,375000	-70,567245
4488,281250	-75,076042
4492,187500	-79,036049
4496,093750	-82,727081
4500,000000	-80,472343
4503,906250	-76,767097
4507,812500	-85,374420
4511,718750	-80,029579
4515,625000	-77,609093
4519,531250	-84,095787
4523,437500	-80,351860
4527,343750	-77,521751
4531,250000	-80,914917
4535,156250	-74,425613
4539,062500	-79,634758
4542,968750	-85,504257
4546,875000	-78,720131
4550,781250	-76,381615
4554,687500	-74,356499
4558,593750	-73,998909
4562,500000	-77,807495
4566,406250	-79,880455
4570,312500	-78,418991
4574,218750	-75,616463
4578,125000	-79,152061
4582,031250	-75,870865
4585,937500	-78,824486
4589,843750	-73,198235
4593,750000	-74,063393
4597,656250	-75,677719
4601,562500	-74,267128
4605,468750	-79,032104
4609,375000	-83,816483
4613,281250	-75,207474
4617,187500	-74,702644
4621,093750	-78,989197
4625,000000	-77,550835
4628,906250	-79,000938
4632,812500	-79,199059
4636,718750	-77,949440
4640,625000	-74,434669
4644,531250	-72,924629
4648,437500	-72,332260
4652,343750	-74,525879
4656,250000	-75,942024
4660,156250	-74,106758
4664,062500	-80,941154
4667,968750	-80,834717
4671,875000	-77,658768
4675,781250	-73,284538
4679,687500	-77,660912
4683,593750	-76,345062
4687,500000	-73,703560
4691,406250	-73,227608
4695,312500	-76,730476
4699,218750	-77,608910
4703,125000	-80,322174
4707,031250	-77,096909
4710,937500	-73,169388
4714,843750	-75,338242
4718,750000	-77,889549
4722,656250	-76,986710
4726,562500	-76,864471
4730,468750	-80,987885
4734,375000	-76,831436
4738,281250	-79,522209
4742,187500	-76,848473
4746,093750	-71,970055
4750,000000	-74,487694
4753,906250	-81,867935
4757,812500	-77,321930
4761,718750	-74,625206
4765,625000	-77,437149
4769,531250	-76,880875
4773,437500	-74,703224
4777,343750	-77,798584
4781,250000	-75,196320
4785,156250	-75,132141
4789,062500	-77,648109
4792,968750	-80,749435
4796,875000	-84,308380
4800,781250	-80,505943
4804,687500	-80,779976
4808,593750	-79,383385
4812,500000	-76,160522
4816,406250	-78,397995
4820,312500	-78,059669
4824,218750	-75,873383
4828,125000	-77,810783
4832,031250	-78,154251
4835,937500	-75,502876
4839,843750	-78,117645
4843,750000	-78,617348
4847,656250	-79,462090
4851,562500	-72,763832
4855,468750	-73,732063
4859,375000	-78,323074
4863,281250	-74,483124
4867,187500	-73,785011
4871,093750	-81,278633
4875,000000	-80,045403
4878,906250	-76,082184
4882,812500	-79,248421
4886,718750	-71,700508
4890,625000	-72,080528
4894,531250	-76,348824
4898,437500	-85,916603
4902,343750	-82,191231
4906,250000	-80,779106
4910,156250	-75,705276
4914,062500	-74,707794
4917,968750	-72,942642
4921,875000	-75,334198
4925,781250	-75,336037
4929,687500	-75,244827
4933,593750	-75,172050
4937,500000	-75,744263
4941,406250	-74,388748
4945,312500	-78,998276
4949,218750	-77,902321
4953,125000	-76,804329
4957,031250	-81,101807
4960,937500	-83,111374
4964,843750	-81,236748
4968,750000	-80,543816
4972,656250	-77,002808
4976,562500	-74,575378
4980,468750	-79,893112
4984,375000	-85,689163
4988,281250	-78,659676
4992,187500	-76,877190
4996,093750	-74,012932
5000,000000	-73,659286
5003,906250	-75,989456
5007,812500	-82,485497
5011,718750	-79,680695
5015,625000	-83,187263
5019,531250	-84,448204
5023,437500	-76,612312
5027,343750	-74,644035
5031,250000	-76,932564
5035,156250	-74,843216
5039,062500	-78,221909
5042,968750	-79,673927
5046,875000	-79,783089
5050,781250	-79,336899
5054,687500	-83,162521
5058,593750	-76,899109
5062,500000	-75,968071
5066,406250	-84,575790
5070,312500	-84,859451
5074,218750	-77,091385
5078,125000	-77,953888
5082,031250	-74,200211
5085,937500	-74,410484
5089,843750	-78,171150
5093,750000	-75,423943
5097,656250	-74,641518
5101,562500	-71,489059
5105,468750	-70,022408
5109,375000	-74,332375
5113,281250	-73,259583
5117,187500	-75,565475
5121,093750	-76,013962
5125,000000	-76,875130
5128,906250	-75,148834
5132,812500	-72,087936
5136,718750	-74,585167
5140,625000	-76,748299
5144,531250	-76,557808
5148,437500	-81,267624
5152,343750	-80,910614
5156,250000	-78,473915
5160,156250	-74,900650
5164,062500	-77,629173
5167,968750	-77,968674
5171,875000	-77,459984
5175,781250	-78,732040
5179,687500	-83,453003
5183,593750	-81,994011
5187,500000	-79,756660
5191,406250	-76,311554
5195,312500	-75,425644
5199,218750	-79,426651
5203,125000	-77,480492
5207,031250	-79,882996
5210,937500	-77,222900
5214,843750	-75,138618
5218,750000	-72,643280
5222,656250	-76,162956
5226,562500	-80,090004
5230,468750	-79,577896
5234,375000	-75,459389
5238,281250	-74,985176
5242,187500	-74,817947
5246,093750	-74,919266
5250,000000	-74,884636
5253,906250	-75,379349
5257,812500	-76,827400
5261,718750	-77,520432
5265,625000	-77,664085
5269,531250	-76,735413
5273,437500	-77,568848
5277,343750	-80,188896
5281,250000	-73,940285
5285,156250	-75,622047
5289,062500	-77,123695
5292,968750	-77,431137
5296,875000	-81,654793
5300,781250	-78,567612
5304,687500	-77,055405
5308,593750	-77,083008
5312,500000	-74,005669
5316,406250	-81,912094
5320,312500	-77,347435
5324,218750	-82,925331
5328,125000	-73,613182
5332,031250	-77,392120
5335,937500	-74,390091
5339,843750	-72,719444
5343,750000	-75,657990
5347,656250	-77,689133
5351,562500	-70,262390
5355,468750	-66,928406
5359,375000	-66,312233
5363,281250	-68,855408
5367,187500	-78,542603
5371,093750	-79,119980
5375,000000	-73,585609
5378,906250	-73,890053
5382,812500	-75,263435
5386,718750	-74,591080
5390,625000	-84,656616
5394,531250	-76,848801
5398,437500	-78,373230
5402,343750	-80,950058
5406,250000	-76,501610
5410,156250	-72,092407
5414,062500	-82,218246
5417,968750	-74,697571
5421,875000	-76,086189
5425,781250	-77,464622
5429,687500	-81,914452
5433,593750	-77,595810
5437,500000	-76,107742
5441,406250	-81,875145
5445,312500	-74,268684
5449,218750	-78,402977
5453,125000	-80,057655
5457,031250	-79,236916
5460,937500	-76,370232
5464,843750	-79,702515
5468,750000	-81,578918
5472,656250	-76,242874
5476,562500	-73,839813
5480,468750	-75,668427
5484,375000	-79,063683
5488,281250	-83,165123
5492,187500	-77,382751
5496,093750	-73,266418
5500,000000	-72,726105
5503,906250	-79,098427
5507,812500	-75,303566
5511,718750	-73,005562
5515,625000	-72,652145
5519,531250	-82,877487
5523,437500	-77,509872
5527,343750	-85,277580
5531,250000	-77,665382
5535,156250	-74,271141
5539,062500	-74,328293
5542,968750	-77,774696
5546,875000	-73,984497
5550,781250	-75,150963
5554,687500	-76,895187
5558,593750	-77,043587
5562,500000	-77,155426
5566,406250	-78,658310
5570,312500	-80,096298
5574,218750	-78,994324
5578,125000	-79,258713
5582,031250	-77,645538
5585,937500	-74,084923
5589,843750	-80,404678
5593,750000	-75,448418
5597,656250	-75,320915
5601,562500	-75,073578
5605,468750	-82,995697
5609,375000	-81,149963
5613,281250	-80,403732
5617,187500	-77,069527
5621,093750	-71,679596
5625,000000	-72,186508
5628,906250	-82,140244
5632,812500	-75,949211
5636,718750	-75,786209
5640,625000	-76,947784
5644,531250	-74,792274
5648,437500	-78,794807
5652,343750	-76,105019
5656,250000	-79,682655
5660,156250	-72,588364
5664,062500	-71,697105
5667,968750	-73,951073
5671,875000	-76,580757
5675,781250	-80,579025
5679,687500	-81,920059
5683,593750	-84,223663
5687,500000	-77,022659
5691,406250	-76,943840
5695,312500	-76,136200
5699,218750	-75,820503
5703,125000	-77,187386
5707,031250	-83,147980
5710,937500	-78,444557
5714,843750	-75,046768
5718,750000	-74,468124
5722,656250	-75,483757
5726,562500	-76,255936
5730,468750	-75,217918
5734,375000	-73,059868
5738,281250	-71,777443
5742,187500	-73,968704
5746,093750	-83,087425
5750,000000	-81,271027
5753,906250	-76,458618
5757,812500	-78,213951
5761,718750	-81,150291
5765,625000	-82,888275
5769,531250	-76,831146
5773,437500	-75,506004
5777,343750	-77,981636
5781,250000	-84,094025
5785,156250	-77,601524
5789,062500	-73,909225
5792,968750	-72,728409
5796,875000	-73,936790
5800,781250	-80,006180
5804,687500	-79,565407
5808,593750	-80,809631
5812,500000	-77,321800
5816,406250	-76,473114
5820,312500	-81,682854
5824,218750	-75,874100
5828,125000	-80,481438
5832,031250	-78,162918
5835,937500	-81,087852
5839,843750	-80,040665
5843,750000	-76,799629
5847,656250	-78,093948
5851,562500	-80,292450
5855,468750	-81,434090
5859,375000	-77,682365
5863,281250	-83,405815
5867,187500	-75,416382
5871,093750	-73,617989
5875,000000	-73,328545
5878,906250	-76,839005
5882,812500	-82,883957
5886,718750	-79,872589
5890,625000	-80,642540
5894,531250	-86,600838
5898,437500	-81,419067
5902,343750	-79,665390
5906,250000	-76,785973
5910,156250	-85,697098
5914,062500	-77,897606
5917,968750	-76,199417
5921,875000	-77,152107
5925,781250	-82,052223
5929,687500	-80,324112
5933,593750	-76,273575
5937,500000	-78,768715
5941,406250	-81,409523
5945,312500	-76,302841
5949,218750	-76,363815
5953,125000	-78,516312
5957,031250	-77,181488
5960,937500	-72,058342
5964,843750	-73,115723
5968,750000	-76,172478
5972,656250	-81,956924
5976,562500	-83,737404
5980,468750	-76,250824
5984,375000	-74,931061
5988,281250	-79,353119
5992,187500	-73,763344
5996,093750	-72,092339
6000,000000	-75,555305
6003,906250	-79,789177
6007,812500	-80,310623
6011,718750	-77,228935
6015,625000	-75,736580
6019,531250	-76,229362
6023,437500	-78,267014
6027,343750	-76,399414
6031,250000	-77,447968
6035,156250	-78,072838
6039,062500	-76,645638
6042,968750	-75,993744
6046,875000	-78,059273
6050,781250	-73,018814
6054,687500	-78,117325
6058,593750	-78,838776
6062,500000	-76,545937
6066,406250	-78,825012
6070,312500	-83,594872
6074,218750	-83,797043
6078,125000	-83,528152
6082,031250	-77,122887
6085,937500	-77,222572
6089,843750	-78,048180
6093,750000	-78,630028
6097,656250	-78,992226
6101,562500	-79,514862
6105,468750	-76,593178
6109,375000	-74,995674
6113,281250	-80,787865
6117,187500	-76,145660
6121,093750	-81,244385
6125,000000	-75,945320
6128,906250	-75,831390
6132,812500	-80,757141
6136,718750	-80,105766
6140,625000	-78,758789
6144,531250	-77,578690
6148,437500	-75,071365
6152,343750	-76,381493
6156,250000	-82,204201
6160,156250	-78,593651
6164,062500	-73,995415
6167,968750	-74,558716
6171,875000	-74,724716
6175,781250	-79,067459
6179,687500	-75,289497
6183,593750	-74,653427
6187,500000	-83,929077
6191,406250	-81,500099
6195,312500	-77,093346
6199,218750	-81,916374
6203,125000	-81,968590
6207,031250	-77,462242
6210,937500	-74,591522
6214,843750	-78,247375
6218,750000	-76,182480
6222,656250	-74,785660
6226,562500	-78,220352
6230,468750	-78,147812
6234,375000	-79,738541
6238,281250	-80,578331
6242,187500	-79,077019
6246,093750	-79,161377
6250,000000	-77,410645
6253,906250	-77,558517
6257,812500	-91,630310
6261,718750	-79,516777
6265,625000	-83,777054
6269,531250	-74,080795
6273,437500	-73,744537
6277,343750	-77,797485
6281,250000	-80,306732
6285,156250	-79,644409
6289,062500	-78,063667
6292,968750	-78,887337
6296,875000	-79,753685
6300,781250	-80,403091
6304,687500	-79,037415
6308,593750	-79,172035
6312,500000	-73,968697
6316,406250	-73,424118
6320,312500	-81,280952
6324,218750	-84,527168
6328,125000	-79,617996
6332,031250	-76,842125
6335,937500	-77,222298
6339,843750	-80,695839
6343,750000	-83,211983
6347,656250	-77,535889
6351,562500	-80,265747
6355,468750	-79,580757
6359,375000	-77,025681
6363,281250	-76,748238
6367,187500	-77,980675
6371,093750	-78,596535
6375,000000	-89,566185
6378,906250	-76,734329
6382,812500	-74,294479
6386,718750	-74,638519
6390,625000	-76,460106
6394,531250	-79,350967
6398,437500	-84,954742
6402,343750	-80,854553
6406,250000	-76,097412
6410,156250	-76,108818
6414,062500	-75,386284
6417,968750	-75,973885
6421,875000	-77,997650
6425,781250	-79,696999
6429,687500	-82,642555
6433,593750	-77,793594
6437,500000	-77,521271
6441,406250	-78,627113
6445,312500	-75,775955
6449,218750	-81,909485
6453,125000	-74,294655
6457,031250	-76,368439
6460,937500	-81,577156
6464,843750	-84,310051
6468,750000	-79,495239
6472,656250	-75,393341
6476,562500	-77,232521
6480,468750	-77,873772
6484,375000	-78,926132
6488,281250	-81,969620
6492,187500	-78,536407
6496,093750	-74,341766
6500,000000	-76,880562
6503,906250	-81,684807
6507,812500	-78,932114
6511,718750	-81,121193
6515,625000	-78,608124
6519,531250	-78,496422
6523,437500	-82,999336
6527,343750	-77,965111
6531,250000	-78,961884
6535,156250	-84,471710
6539,062500	-80,096626
6542,968750	-73,902969
6546,875000	-73,416168
6550,781250	-75,771423
6554,687500	-77,488487
6558,593750	-83,793808
6562,500000	-84,680801
6566,406250	-79,011345
6570,312500	-75,935226
6574,218750	-78,214409
6578,125000	-85,235970
6582,031250	-80,435684
6585,937500	-83,588516
6589,843750	-82,388382
6593,750000	-77,728088
6597,656250	-78,345528
6601,562500	-86,475456
6605,468750	-78,182198
6609,375000	-76,701164
6613,281250	-89,459770
6617,187500	-82,264107
6621,093750	-79,561836
6625,000000	-82,347313
6628,906250	-82,181061
6632,812500	-81,768295
6636,718750	-80,995079
6640,625000	-80,382324
6644,531250	-83,437103
6648,437500	-85,082390
6652,343750	-80,914452
6656,250000	-83,855507
6660,156250	-77,728088
6664,062500	-79,093796
6667,968750	-80,344757
6671,875000	-82,641716
6675,781250	-75,733337
6679,687500	-77,504486
6683,593750	-86,757774
6687,500000	-79,389282
6691,406250	-78,389900
6695,312500	-79,887909
6699,218750	-81,824165
6703,125000	-82,009781
6707,031250	-85,907700
6710,937500	-88,073303
6714,843750	-85,496216
6718,750000	-84,050873
6722,656250	-87,773834
6726,562500	-81,088936
6730,468750	-80,625389
6734,375000	-83,036003
6738,281250	-77,369110
6742,187500	-77,553261
6746,093750	-80,988327
6750,000000	-81,759438
6753,906250	-78,288666
6757,812500	-81,260719
6761,718750	-78,638329
6765,625000	-81,661659
6769,531250	-80,950493
6773,437500	-83,295815
6777,343750	-85,740059
6781,250000	-85,410378
6785,156250	-82,571472
6789,062500	-82,112648
6792,968750	-82,133934
6796,875000	-82,295311
6800,781250	-93,898476
6804,687500	-84,219185
6808,593750	-83,187653
6812,500000	-83,600967
6816,406250	-87,958992
6820,312500	-89,789764
6824,218750	-100,346977
6828,125000	-86,712471
6832,031250	-81,331200
6835,937500	-81,822220
6839,843750	-86,012070
6843,750000	-85,774414
6847,656250	-79,292908
6851,562500	-80,204140
6855,468750	-90,371422
6859,375000	-83,963844
6863,281250	-85,952332
6867,187500	-86,633270
6871,093750	-81,996681
6875,000000	-83,484268
6878,906250	-82,841515
6882,812500	-83,617294
6886,718750	-83,739868
6890,625000	-83,266304
6894,531250	-85,965614
6898,437500	-81,736115
6902,343750	-81,357872
6906,250000	-89,333008
6910,156250	-95,411827
6914,062500	-88,792587
6917,968750	-88,444069
6921,875000	-83,071480
6925,781250	-81,621323
6929,687500	-84,999535
6933,593750	-81,970932
6937,500000	-81,216858
6941,406250	-82,906631
6945,312500	-80,536293
6949,218750	-79,665970
6953,125000	-84,939880
6957,031250	-86,345612
6960,937500	-81,450417
6964,843750	-83,879692
6968,750000	-85,441811
6972,656250	-89,018684
6976,562500	-88,650299
6980,468750	-86,379738
6984,375000	-85,978271
6988,281250	-87,534813
6992,187500	-88,890366
6996,093750	-86,183342
7000,000000	-83,709892
7003,906250	-83,219788
7007,812500	-84,005066
7011,718750	-82,658531
7015,625000	-85,318909
7019,531250	-82,853790
7023,437500	-83,742889
7027,343750	-88,845825
7031,250000	-88,353699
7035,156250	-88,296600
7039,062500	-84,272636
7042,968750	-81,161346
7046,875000	-81,864120
7050,781250	-94,196312
7054,687500	-84,991188
7058,593750	-86,197090
7062,500000	-86,735001
7066,406250	-89,588890
7070,312500	-88,062836
7074,218750	-88,566612
7078,125000	-88,254997
7082,031250	-88,395416
7085,937500	-88,493820
7089,843750	-89,614746
7093,750000	-80,663536
7097,656250	-82,900017
7101,562500	-86,569725
7105,468750	-85,835274
7109,375000	-85,168747
7113,281250	-89,351143
7117,187500	-90,216553
7121,093750	-90,753120
7125,000000	-87,855652
7128,906250	-85,166618
7132,812500	-91,962143
7136,718750	-100,440567
7140,625000	-99,392159
7144,531250	-93,695641
7148,437500	-98,139679
7152,343750	-95,165085
7156,250000	-91,623734
7160,156250	-87,930901
7164,062500	-88,210808
7167,968750	-89,504715
7171,875000	-88,803833
7175,781250	-87,940628
7179,687500	-87,634987
7183,593750	-88,829147
7187,500000	-93,066467
7191,406250	-98,849075
7195,312500	-92,253876
7199,218750	-88,828468
7203,125000	-89,698647
7207,031250	-93,737854
7210,937500	-93,434982
7214,843750	-91,366486
7218,750000	-87,878693
7222,656250	-87,119408
7226,562500	-89,477165
7230,468750	-90,515945
7234,375000	-91,454765
7238,281250	-90,579536
7242,187500	-89,105911
7246,093750	-89,866287
7250,000000	-97,526497
7253,906250	-101,759155
7257,812500	-97,740578
7261,718750	-92,648407
7265,625000	-89,255951
7269,531250	-87,549759
7273,437500	-89,170502
7277,343750	-94,642433
7281,250000	-100,157188
7285,156250	-101,555923
7289,062500	-94,866661
7292,968750	-93,107674
7296,875000	-89,963867
7300,781250	-92,146416
7304,687500	-95,397377
7308,593750	-89,899963
7312,500000	-91,303825
7316,406250	-91,871445
7320,312500	-90,893211
7324,218750	-89,497345
7328,125000	-90,030457
7332,031250	-92,297913
7335,937500	-94,682831
7339,843750	-95,183464
7343,750000	-93,917336
7347,656250	-95,056717
7351,562500	-94,580116
7355,468750	-91,053551
7359,375000	-93,668007
7363,281250	-97,508865
7367,187500	-94,500832
7371,093750	-96,293869
7375,000000	-99,732094
7378,906250	-92,947105
7382,812500	-96,391167
7386,718750	-97,528465
7390,625000	-98,124855
7394,531250	-94,106049
7398,437500	-95,178802
7402,343750	-100,483681
7406,250000	-99,219215
7410,156250	-99,871101
7414,062500	-99,249222
7417,968750	-99,633942
7421,875000	-98,028435
7425,781250	-96,820030
7429,687500	-101,745003
7433,593750	-99,394127
7437,500000	-97,812447
7441,406250	-107,252274
7445,312500	-100,160675
7449,218750	-103,474648
7453,125000	-101,163071
7457,031250	-98,353096
7460,937500	-100,721107
7464,843750	-99,342262
7468,750000	-97,723213
7472,656250	-94,094688
7476,562500	-96,562660
7480,468750	-97,262886
7484,375000	-94,220726
7488,281250	-98,135872
7492,187500	-103,013687
7496,093750	-107,250404
7500,000000	-106,496262
7503,906250	-105,170998
7507,812500	-100,559647
7511,718750	-99,616554
7515,625000	-101,845375
7519,531250	-102,491249
7523,437500	-102,622673
7527,343750	-106,047440
7531,250000	-102,673569
7535,156250	-100,633560
7539,062500	-104,450493
7542,968750	-101,354263
7546,875000	-104,592300
7550,781250	-106,786537
7554,687500	-105,990479
7558,593750	-102,735107
7562,500000	-101,694641
7566,406250	-99,687836
7570,312500	-102,634941
7574,218750	-108,391380
7578,125000	-101,203262
7582,031250	-102,557487
7585,937500	-107,875809
7589,843750	-102,907890
7593,750000	-101,858696
7597,656250	-103,883987
7601,562500	-111,795197
7605,468750	-103,109039
7609,375000	-103,048546
7613,281250	-108,152008
7617,187500	-108,511307
7621,093750	-109,773926
7625,000000	-105,997643
7628,906250	-106,001770
7632,812500	-107,409172
7636,718750	-106,962532
7640,625000	-106,078308
7644,531250	-112,625587
7648,437500	-111,716927
7652,343750	-109,973816
7656,250000	-106,149437
7660,156250	-105,778175
7664,062500	-105,308319
7667,968750	-106,783516
7671,875000	-109,784340
7675,781250	-110,146393
7679,687500	-109,291466
7683,593750	-114,411797
7687,500000	-115,271805
7691,406250	-111,747543
7695,312500	-111,393448
7699,218750	-106,856514
7703,125000	-106,665825
7707,031250	-113,154419
7710,937500	-113,951073
7714,843750	-111,526146
7718,750000	-111,342781
7722,656250	-114,083633
7726,562500	-111,555855
7730,468750	-110,818825
7734,375000	-113,709007
7738,281250	-114,770500
7742,187500	-118,256783
7746,093750	-124,460999
7750,000000	-115,360519
7753,906250	-113,149132
7757,812500	-109,511559
7761,718750	-108,444130
7765,625000	-112,596436
7769,531250	-122,742882
7773,437500	-119,753082
7777,343750	-118,983849
7781,250000	-114,833015
7785,156250	-115,191650
7789,062500	-118,255989
7792,968750	-116,219917
7796,875000	-115,385178
7800,781250	-118,254181
7804,687500	-121,464767
7808,593750	-123,594048
7812,500000	-124,550446
7816,406250	-118,453918
7820,312500	-117,605522
7824,218750	-117,073135
7828,125000	-117,430084
7832,031250	-116,026573
7835,937500	-120,183701
7839,843750	-127,473801
7843,750000	-121,349884
7847,656250	-117,393982
7851,562500	-119,193939
7855,468750	-120,855331
7859,375000	-128,149918
7863,281250	-126,263969
7867,187500	-133,338577
7871,093750	-123,158691
7875,000000	-124,066238
7878,906250	-120,974617
7882,812500	-119,990601
7886,718750	-120,644775
7890,625000	-118,078934
7894,531250	-120,897522
7898,437500	-121,356750
7902,343750	-127,828400
7906,250000	-124,536522
7910,156250	-120,842636
7914,062500	-122,673927
7917,968750	-121,128510
7921,875000	-119,686043
7925,781250	-123,779167
7929,687500	-121,915916
7933,593750	-119,259842
7937,500000	-121,237122
7941,406250	-128,904114
7945,312500	-120,395966
7949,218750	-120,244797
7953,125000	-117,078018
7957,031250	-116,290863
7960,937500	-120,164085
7964,843750	-129,407639
7968,750000	-118,028679
7972,656250	-118,717712
7976,562500	-122,241539
7980,468750	-124,600731
7984,375000	-123,012283
7988,281250	-129,859512
7992,187500	-121,708176
7996,093750	-118,556473
